1	100.00	0.00	0.00	0.00	0.00	0.00	0.00	10.00	0.00	0.00	0.00	0.00	0.00	0.00	10.00	0.00	0.00	0.00	0.00	6.25	2.94	11.76	4.17	8.82	4.00	0.00	0.00	4.35	0.00	0.00	0.00	8.33	0.00	5.88	0.00	0.00	0.00	0.00	0.00	25.00	0.00	0.00	5.88	0.00	0.00	0.00	5.88	0.00	0.00	0.00	0.00	0.00	0.00	0.00	0.00	0.00	0.00	9.09	12.50	0.00	96.85
1	90.00	0.00	0.00	25.00	0.00	0.00	0.00	30.00	0.00	0.00	0.00	0.00	0.00	0.00	0.00	0.00	0.00	0.00	4.00	9.38	5.88	20.59	16.67	17.65	8.00	0.00	0.00	0.00	0.00	0.00	0.00	16.67	0.00	5.88	6.67	0.00	0.00	0.00	0.00	5.00	0.00	0.00	0.00	10.53	0.00	0.00	0.00	0.00	0.00	0.00	0.00	0.00	0.00	0.00	0.00	8.33	0.00	0.00	12.50	0.00	95.15
1	100.00	0.00	0.00	12.50	0.00	0.00	0.00	10.00	0.00	0.00	0.00	0.00	0.00	0.00	0.00	0.00	0.00	0.00	0.00	9.38	5.88	17.65	4.17	17.65	8.00	0.00	0.00	0.00	0.00	5.56	0.00	16.67	0.00	0.00	6.67	0.00	0.00	7.14	0.00	15.00	0.00	0.00	0.00	0.00	0.00	0.00	5.88	0.00	0.00	0.00	0.00	0.00	0.00	0.00	0.00	0.00	0.00	0.00	12.50	0.00	96.12
1	100.00	0.00	0.00	12.50	0.00	0.00	0.00	10.00	0.00	40.00	0.00	0.00	0.00	0.00	0.00	0.00	0.00	0.00	24.00	18.75	20.59	26.47	8.33	32.35	24.00	0.00	4.00	4.35	5.26	5.56	0.00	0.00	0.00	0.00	0.00	0.00	0.00	7.14	0.00	20.00	0.00	0.00	11.76	0.00	0.00	0.00	17.65	0.00	0.00	0.00	0.00	0.00	10.00	0.00	0.00	0.00	16.67	0.00	0.00	0.00	91.64
2	0.00	100.00	30.00	62.50	57.14	0.00	90.00	60.00	66.67	0.00	20.00	40.00	10.00	10.00	70.00	40.00	20.00	0.00	56.00	18.75	26.47	32.35	12.50	61.76	36.00	15.00	0.00	4.35	0.00	11.11	25.00	0.00	0.00	35.29	13.33	10.53	16.67	0.00	0.00	0.00	37.50	22.22	11.76	0.00	0.00	27.27	5.88	11.11	15.38	14.29	0.00	0.00	10.00	9.09	30.00	0.00	0.00	0.00	0.00	0.00	79.64
2	0.00	100.00	20.00	87.50	0.00	30.00	80.00	0.00	22.22	0.00	0.00	0.00	0.00	10.00	10.00	0.00	0.00	0.00	28.00	9.38	0.00	0.00	4.17	26.47	4.00	0.00	0.00	4.35	5.26	0.00	0.00	0.00	0.00	17.65	6.67	0.00	0.00	0.00	0.00	0.00	0.00	0.00	0.00	0.00	0.00	0.00	0.00	0.00	0.00	0.00	0.00	0.00	0.00	0.00	10.00	0.00	0.00	0.00	0.00	0.00	93.70
2	0.00	100.00	40.00	87.50	0.00	0.00	90.00	80.00	77.78	0.00	10.00	30.00	20.00	20.00	40.00	20.00	60.00	0.00	48.00	34.38	38.24	17.65	12.50	73.53	44.00	20.00	4.00	13.04	31.58	11.11	8.33	0.00	12.50	29.41	13.33	15.79	8.33	0.00	0.00	0.00	12.50	11.11	5.88	0.00	20.00	9.09	0.00	0.00	30.77	14.29	0.00	0.00	10.00	0.00	20.00	8.33	0.00	0.00	12.50	12.50	78.06
3	0.00	75.00	100.00	87.50	0.00	80.00	80.00	0.00	22.22	20.00	80.00	0.00	50.00	0.00	0.00	40.00	10.00	10.00	48.00	46.88	38.24	20.59	25.00	29.41	48.00	20.00	40.00	13.04	31.58	33.33	0.00	0.00	12.50	29.41	33.33	0.00	8.33	0.00	0.00	0.00	0.00	11.11	11.76	10.53	0.00	9.09	0.00	0.00	0.00	14.29	0.00	0.00	10.00	36.36	0.00	8.33	0.00	45.45	0.00	12.50	77.33
3	0.00	25.00	100.00	75.00	14.29	100.00	90.00	0.00	22.22	0.00	80.00	10.00	100.00	40.00	0.00	30.00	40.00	0.00	28.00	15.63	41.18	17.65	25.00	11.76	32.00	10.00	8.00	4.35	31.58	5.56	0.00	0.00	0.00	5.88	26.67	0.00	8.33	0.00	0.00	0.00	0.00	11.11	17.65	5.26	0.00	0.00	0.00	0.00	0.00	14.29	0.00	0.00	0.00	18.18	0.00	0.00	0.00	9.09	0.00	0.00	83.39
3	0.00	0.00	100.00	37.50	0.00	10.00	30.00	0.00	0.00	20.00	0.00	0.00	0.00	30.00	0.00	10.00	0.00	0.00	0.00	0.00	2.94	5.88	0.00	2.94	16.00	5.00	12.00	4.35	26.32	5.56	0.00	0.00	0.00	0.00	6.67	0.00	0.00	0.00	0.00	0.00	0.00	0.00	5.88	0.00	0.00	0.00	0.00	0.00	0.00	0.00	0.00	0.00	0.00	0.00	0.00	0.00	0.00	0.00	0.00	0.00	95.88
4	0.00	75.00	70.00	87.50	28.57	50.00	50.00	10.00	0.00	30.00	20.00	0.00	0.00	30.00	10.00	50.00	0.00	0.00	68.00	56.25	52.94	38.24	16.67	23.53	44.00	25.00	40.00	13.04	21.05	16.67	0.00	8.33	0.00	23.53	20.00	26.32	8.33	0.00	0.00	15.00	25.00	0.00	5.88	0.00	20.00	27.27	0.00	11.11	15.38	14.29	0.00	0.00	10.00	0.00	20.00	8.33	0.00	27.27	0.00	0.00	76.97
4	10.00	87.50	70.00	100.00	14.29	30.00	50.00	60.00	22.22	10.00	40.00	0.00	0.00	20.00	20.00	30.00	10.00	0.00	56.00	59.38	50.00	23.53	62.50	61.76	44.00	20.00	36.00	13.04	15.79	27.78	8.33	8.33	0.00	17.65	33.33	36.84	8.33	0.00	12.50	20.00	25.00	0.00	47.06	0.00	20.00	18.18	0.00	0.00	38.46	14.29	12.50	0.00	10.00	0.00	0.00	50.00	16.67	45.45	37.50	12.50	71.64
4	0.00	25.00	0.00	12.50	0.00	0.00	0.00	0.00	0.00	0.00	0.00	0.00	0.00	0.00	0.00	10.00	0.00	0.00	4.00	0.00	0.00	5.88	4.17	5.88	4.00	0.00	0.00	0.00	0.00	5.56	0.00	0.00	0.00	0.00	6.67	0.00	0.00	0.00	0.00	0.00	0.00	0.00	23.53	0.00	0.00	0.00	5.88	0.00	0.00	0.00	0.00	0.00	0.00	0.00	0.00	0.00	0.00	0.00	0.00	0.00	97.09
5	0.00	0.00	10.00	12.50	100.00	10.00	100.00	0.00	0.00	90.00	0.00	0.00	0.00	10.00	0.00	20.00	0.00	0.00	8.00	18.75	8.82	23.53	16.67	5.88	12.00	15.00	12.00	0.00	21.05	5.56	0.00	0.00	0.00	0.00	6.67	10.53	0.00	0.00	0.00	0.00	0.00	0.00	0.00	0.00	0.00	9.09	0.00	0.00	7.69	0.00	0.00	0.00	0.00	0.00	0.00	0.00	0.00	0.00	0.00	0.00	91.64
5	0.00	0.00	10.00	25.00	100.00	0.00	100.00	20.00	0.00	70.00	0.00	0.00	0.00	10.00	0.00	50.00	0.00	0.00	20.00	18.75	11.76	17.65	20.83	14.71	16.00	15.00	16.00	0.00	31.58	11.11	0.00	0.00	0.00	17.65	0.00	5.26	8.33	0.00	0.00	0.00	0.00	11.11	0.00	10.53	0.00	0.00	5.88	0.00	15.38	14.29	0.00	0.00	0.00	0.00	0.00	0.00	0.00	9.09	0.00	0.00	88.97
6	0.00	0.00	20.00	25.00	0.00	100.00	40.00	20.00	0.00	0.00	0.00	0.00	10.00	0.00	0.00	0.00	0.00	0.00	8.00	37.50	29.41	11.76	8.33	0.00	8.00	20.00	8.00	0.00	26.32	16.67	0.00	0.00	0.00	0.00	0.00	0.00	0.00	0.00	0.00	0.00	0.00	0.00	0.00	0.00	0.00	0.00	0.00	0.00	0.00	14.29	0.00	0.00	0.00	0.00	0.00	0.00	0.00	9.09	0.00	0.00	92.85
6	0.00	25.00	60.00	50.00	57.14	100.00	50.00	20.00	0.00	0.00	10.00	0.00	0.00	10.00	0.00	20.00	10.00	0.00	32.00	40.63	29.41	14.71	8.33	0.00	12.00	15.00	12.00	0.00	26.32	5.56	8.33	0.00	0.00	0.00	13.33	0.00	8.33	0.00	0.00	0.00	0.00	11.11	0.00	0.00	0.00	18.18	0.00	0.00	0.00	14.29	0.00	0.00	0.00	0.00	0.00	0.00	0.00	0.00	0.00	0.00	89.21
6	0.00	0.00	80.00	50.00	14.29	100.00	100.00	60.00	0.00	0.00	10.00	0.00	30.00	50.00	0.00	30.00	10.00	0.00	36.00	43.75	35.29	29.41	33.33	11.76	20.00	15.00	16.00	8.70	10.53	16.67	0.00	0.00	0.00	11.76	13.33	5.26	0.00	0.00	0.00	0.00	0.00	0.00	0.00	0.00	0.00	9.09	0.00	11.11	0.00	14.29	0.00	0.00	0.00	0.00	0.00	0.00	0.00	9.09	0.00	0.00	84.61
6	0.00	0.00	40.00	37.50	28.57	100.00	20.00	50.00	0.00	0.00	30.00	0.00	20.00	10.00	0.00	0.00	0.00	0.00	12.00	25.00	26.47	26.47	12.50	2.94	8.00	5.00	12.00	4.35	15.79	0.00	0.00	0.00	0.00	0.00	0.00	0.00	0.00	0.00	0.00	0.00	0.00	0.00	0.00	0.00	0.00	9.09	0.00	0.00	0.00	0.00	0.00	0.00	0.00	0.00	0.00	0.00	0.00	0.00	0.00	0.00	92.00
7	10.00	25.00	90.00	75.00	100.00	100.00	100.00	20.00	33.33	100.00	50.00	100.00	70.00	50.00	20.00	100.00	90.00	10.00	68.00	84.38	82.35	73.53	66.67	47.06	84.00	70.00	48.00	47.83	78.95	66.67	33.33	0.00	37.50	23.53	33.33	42.11	25.00	35.71	12.50	5.00	37.50	33.33	64.71	10.53	0.00	45.45	5.88	33.33	23.08	57.14	25.00	25.00	30.00	18.18	50.00	8.33	0.00	36.36	0.00	0.00	51.52
7	0.00	87.50	90.00	62.50	100.00	90.00	100.00	40.00	33.33	40.00	40.00	20.00	40.00	70.00	30.00	60.00	90.00	10.00	84.00	56.25	67.65	55.88	70.83	29.41	64.00	65.00	32.00	21.74	78.95	66.67	16.67	0.00	12.50	47.06	26.67	26.32	0.00	7.14	12.50	0.00	0.00	22.22	41.18	0.00	0.00	36.36	0.00	0.00	0.00	71.43	25.00	25.00	20.00	9.09	40.00	0.00	0.00	36.36	0.00	0.00	61.82
7	0.00	50.00	30.00	37.50	57.14	60.00	100.00	10.00	22.22	100.00	40.00	0.00	20.00	30.00	10.00	100.00	50.00	20.00	56.00	68.75	58.82	70.59	54.17	29.41	56.00	45.00	36.00	26.09	78.95	66.67	8.33	8.33	25.00	35.29	26.67	21.05	0.00	21.43	0.00	5.00	37.50	44.44	23.53	0.00	0.00	36.36	0.00	22.22	15.38	57.14	0.00	25.00	20.00	9.09	60.00	16.67	0.00	27.27	0.00	0.00	65.09
7	0.00	0.00	0.00	12.50	57.14	10.00	100.00	10.00	11.11	70.00	0.00	0.00	0.00	10.00	0.00	70.00	20.00	0.00	28.00	28.13	32.35	26.47	25.00	5.88	36.00	20.00	20.00	8.70	36.84	16.67	8.33	0.00	12.50	11.76	6.67	15.79	0.00	0.00	0.00	0.00	0.00	11.11	17.65	0.00	0.00	27.27	0.00	0.00	0.00	14.29	12.50	0.00	0.00	0.00	0.00	0.00	0.00	9.09	0.00	0.00	85.82
8	20.00	62.50	30.00	62.50	0.00	10.00	60.00	100.00	33.33	10.00	70.00	90.00	70.00	10.00	20.00	20.00	30.00	0.00	76.00	71.88	47.06	55.88	50.00	58.82	44.00	70.00	64.00	8.70	5.26	16.67	8.33	0.00	0.00	58.82	40.00	21.05	0.00	0.00	0.00	5.00	50.00	0.00	23.53	5.26	0.00	27.27	0.00	0.00	0.00	0.00	12.50	50.00	50.00	45.45	30.00	8.33	0.00	27.27	0.00	0.00	67.64
8	20.00	62.50	20.00	25.00	28.57	30.00	80.00	100.00	33.33	40.00	30.00	100.00	80.00	10.00	40.00	20.00	30.00	10.00	72.00	75.00	76.47	64.71	58.33	82.35	48.00	75.00	84.00	8.70	21.05	27.78	16.67	0.00	0.00	70.59	60.00	26.32	16.67	0.00	0.00	10.00	62.50	11.11	23.53	36.84	40.00	36.36	5.88	11.11	30.77	28.57	12.50	25.00	50.00	45.45	70.00	33.33	0.00	27.27	12.50	0.00	58.30
8	0.00	25.00	0.00	12.50	0.00	0.00	0.00	100.00	0.00	0.00	0.00	80.00	0.00	0.00	0.00	0.00	0.00	0.00	52.00	34.38	14.71	8.82	29.17	47.06	12.00	20.00	56.00	0.00	15.79	0.00	8.33	0.00	0.00	23.53	40.00	0.00	0.00	0.00	0.00	0.00	37.50	0.00	0.00	5.26	0.00	0.00	0.00	0.00	0.00	0.00	0.00	0.00	30.00	9.09	0.00	0.00	0.00	9.09	0.00	0.00	86.67
8	30.00	25.00	20.00	62.50	0.00	0.00	20.00	100.00	0.00	0.00	20.00	100.00	30.00	0.00	20.00	10.00	10.00	10.00	44.00	50.00	35.29	38.24	45.83	58.82	32.00	40.00	64.00	0.00	5.26	5.56	8.33	8.33	0.00	29.41	33.33	10.53	8.33	0.00	0.00	0.00	37.50	0.00	5.88	31.58	0.00	0.00	5.88	0.00	0.00	0.00	0.00	25.00	50.00	27.27	0.00	16.67	0.00	54.55	0.00	0.00	76.48
8	20.00	37.50	50.00	50.00	0.00	0.00	10.00	100.00	0.00	0.00	10.00	70.00	10.00	10.00	20.00	0.00	20.00	0.00	40.00	43.75	29.41	14.71	29.17	44.12	40.00	55.00	60.00	4.35	5.26	5.56	16.67	0.00	0.00	47.06	33.33	15.79	0.00	0.00	0.00	15.00	37.50	0.00	5.88	21.05	0.00	0.00	17.65	0.00	7.69	0.00	0.00	25.00	40.00	18.18	0.00	16.67	0.00	54.55	0.00	0.00	78.55
8	10.00	25.00	20.00	25.00	0.00	10.00	0.00	100.00	0.00	0.00	30.00	70.00	0.00	0.00	20.00	0.00	10.00	0.00	28.00	43.75	29.41	17.65	29.17	41.18	16.00	45.00	56.00	4.35	10.53	0.00	8.33	0.00	0.00	35.29	26.67	5.26	0.00	0.00	0.00	0.00	0.00	0.00	0.00	10.53	0.00	0.00	23.53	0.00	0.00	0.00	0.00	50.00	50.00	27.27	10.00	0.00	0.00	27.27	0.00	0.00	82.91
9	0.00	87.50	0.00	0.00	0.00	0.00	50.00	0.00	100.00	0.00	0.00	0.00	0.00	10.00	0.00	0.00	0.00	0.00	12.00	3.13	0.00	0.00	0.00	0.00	8.00	5.00	0.00	0.00	0.00	0.00	0.00	0.00	0.00	0.00	6.67	0.00	8.33	0.00	0.00	0.00	0.00	0.00	0.00	0.00	0.00	0.00	0.00	0.00	0.00	0.00	0.00	0.00	0.00	0.00	0.00	0.00	0.00	0.00	0.00	0.00	97.33
9	0.00	50.00	50.00	12.50	28.57	10.00	100.00	20.00	77.78	0.00	0.00	10.00	60.00	50.00	20.00	0.00	30.00	10.00	44.00	40.63	47.06	17.65	12.50	8.82	28.00	15.00	0.00	39.13	36.84	44.44	16.67	0.00	12.50	17.65	6.67	10.53	8.33	0.00	0.00	0.00	0.00	11.11	11.76	10.53	0.00	27.27	0.00	22.22	0.00	14.29	0.00	25.00	0.00	9.09	20.00	41.67	0.00	36.36	0.00	0.00	80.00
9	0.00	62.50	30.00	12.50	57.14	30.00	80.00	20.00	88.89	0.00	0.00	10.00	10.00	30.00	40.00	0.00	30.00	10.00	40.00	43.75	32.35	14.71	12.50	14.71	36.00	20.00	0.00	17.39	21.05	33.33	8.33	0.00	12.50	17.65	6.67	10.53	16.67	0.00	0.00	0.00	12.50	22.22	0.00	5.26	0.00	9.09	5.88	11.11	0.00	28.57	0.00	0.00	0.00	9.09	0.00	0.00	0.00	0.00	0.00	0.00	83.64
10	0.00	0.00	30.00	50.00	71.43	0.00	40.00	10.00	0.00	100.00	20.00	70.00	10.00	0.00	0.00	30.00	0.00	0.00	40.00	31.25	73.53	79.41	16.67	32.35	36.00	5.00	24.00	21.74	21.05	22.22	16.67	8.33	0.00	17.65	13.33	0.00	0.00	0.00	0.00	0.00	12.50	11.11	5.88	5.26	0.00	9.09	5.88	0.00	7.69	0.00	0.00	0.00	0.00	0.00	30.00	0.00	0.00	0.00	0.00	0.00	80.12
10	0.00	0.00	30.00	0.00	28.57	0.00	0.00	0.00	0.00	100.00	10.00	10.00	0.00	0.00	0.00	0.00	0.00	0.00	16.00	6.25	8.82	23.53	8.33	0.00	4.00	5.00	0.00	0.00	0.00	0.00	0.00	0.00	0.00	0.00	6.67	0.00	0.00	0.00	0.00	0.00	0.00	0.00	0.00	0.00	0.00	0.00	5.88	0.00	0.00	0.00	0.00	0.00	0.00	0.00	10.00	0.00	0.00	0.00	0.00	0.00	96.24
10	0.00	0.00	20.00	37.50	42.86	10.00	100.00	10.00	0.00	100.00	20.00	30.00	0.00	0.00	0.00	50.00	0.00	0.00	28.00	50.00	52.94	44.12	8.33	14.71	40.00	15.00	40.00	13.04	21.05	27.78	8.33	0.00	0.00	5.88	6.67	15.79	8.33	7.14	0.00	0.00	12.50	22.22	11.76	5.26	0.00	0.00	0.00	11.11	7.69	28.57	0.00	0.00	20.00	0.00	10.00	0.00	0.00	9.09	0.00	0.00	81.82
11	0.00	0.00	50.00	50.00	14.29	20.00	70.00	50.00	0.00	30.00	100.00	20.00	60.00	0.00	0.00	100.00	20.00	0.00	40.00	43.75	11.76	38.24	25.00	44.12	20.00	15.00	16.00	8.70	15.79	16.67	25.00	0.00	12.50	23.53	6.67	10.53	8.33	0.00	0.00	0.00	12.50	11.11	5.88	10.53	0.00	9.09	0.00	0.00	23.08	28.57	12.50	0.00	0.00	9.09	10.00	0.00	0.00	0.00	0.00	0.00	81.21
11	0.00	50.00	50.00	37.50	57.14	10.00	50.00	50.00	0.00	20.00	100.00	20.00	100.00	10.00	20.00	100.00	10.00	0.00	44.00	59.38	20.59	26.47	16.67	41.18	28.00	35.00	16.00	8.70	36.84	16.67	50.00	8.33	12.50	29.41	13.33	10.53	8.33	0.00	12.50	5.00	25.00	0.00	0.00	10.53	0.00	9.09	17.65	0.00	15.38	14.29	25.00	25.00	10.00	9.09	20.00	0.00	0.00	0.00	0.00	12.50	77.21
11	0.00	12.50	50.00	12.50	0.00	10.00	20.00	30.00	0.00	30.00	100.00	10.00	70.00	0.00	10.00	90.00	0.00	0.00	44.00	37.50	23.53	29.41	12.50	47.06	24.00	15.00	4.00	8.70	31.58	22.22	25.00	8.33	0.00	11.76	20.00	21.05	0.00	0.00	0.00	5.00	25.00	0.00	0.00	5.26	0.00	9.09	11.76	0.00	23.08	42.86	0.00	25.00	20.00	9.09	20.00	0.00	0.00	0.00	0.00	0.00	82.06
12	0.00	0.00	30.00	37.50	0.00	10.00	10.00	60.00	11.11	0.00	60.00	100.00	90.00	0.00	0.00	60.00	20.00	0.00	12.00	6.25	5.88	2.94	4.17	14.71	16.00	10.00	4.00	4.35	10.53	0.00	0.00	0.00	0.00	0.00	0.00	5.26	0.00	0.00	0.00	0.00	0.00	0.00	0.00	15.79	0.00	0.00	5.88	0.00	0.00	0.00	0.00	0.00	20.00	9.09	0.00	0.00	0.00	9.09	0.00	0.00	91.39
12	0.00	0.00	10.00	25.00	14.29	10.00	90.00	20.00	33.33	0.00	60.00	100.00	90.00	10.00	0.00	40.00	10.00	0.00	8.00	9.38	5.88	0.00	4.17	2.94	12.00	20.00	12.00	4.35	5.26	0.00	0.00	0.00	0.00	0.00	20.00	5.26	0.00	0.00	0.00	0.00	0.00	0.00	0.00	5.26	20.00	0.00	0.00	0.00	0.00	0.00	12.50	0.00	20.00	9.09	0.00	0.00	0.00	0.00	0.00	0.00	91.39
12	0.00	62.50	0.00	25.00	14.29	10.00	20.00	90.00	0.00	50.00	20.00	100.00	50.00	40.00	40.00	30.00	30.00	0.00	52.00	40.63	32.35	14.71	25.00	32.35	32.00	60.00	64.00	0.00	15.79	11.11	41.67	0.00	0.00	23.53	33.33	26.32	8.33	0.00	12.50	0.00	62.50	0.00	0.00	15.79	20.00	0.00	11.76	0.00	15.38	0.00	12.50	25.00	60.00	27.27	10.00	0.00	0.00	0.00	0.00	0.00	76.73
12	0.00	75.00	10.00	12.50	14.29	10.00	30.00	80.00	0.00	90.00	10.00	100.00	50.00	30.00	40.00	40.00	20.00	0.00	44.00	53.13	32.35	29.41	29.17	35.29	32.00	50.00	72.00	4.35	21.05	5.56	41.67	0.00	0.00	17.65	53.33	21.05	8.33	0.00	12.50	0.00	50.00	11.11	0.00	10.53	20.00	0.00	17.65	11.11	23.08	0.00	25.00	25.00	60.00	27.27	30.00	0.00	16.67	0.00	0.00	0.00	74.30
12	0.00	62.50	10.00	25.00	14.29	20.00	70.00	80.00	0.00	100.00	30.00	100.00	30.00	40.00	40.00	50.00	30.00	0.00	68.00	71.88	38.24	17.65	45.83	50.00	64.00	75.00	60.00	17.39	21.05	22.22	41.67	8.33	12.50	35.29	66.67	21.05	16.67	0.00	25.00	5.00	62.50	33.33	0.00	26.32	40.00	9.09	23.53	11.11	15.38	0.00	37.50	0.00	60.00	45.45	30.00	0.00	16.67	9.09	0.00	0.00	66.42
13	0.00	0.00	0.00	12.50	0.00	0.00	10.00	0.00	11.11	0.00	30.00	20.00	100.00	0.00	0.00	30.00	20.00	0.00	12.00	12.50	5.88	5.88	4.17	2.94	4.00	0.00	0.00	0.00	31.58	0.00	0.00	0.00	0.00	0.00	0.00	0.00	0.00	0.00	0.00	0.00	0.00	0.00	0.00	0.00	0.00	0.00	0.00	0.00	0.00	0.00	0.00	0.00	0.00	0.00	0.00	0.00	0.00	0.00	0.00	0.00	96.00
13	0.00	12.50	70.00	25.00	0.00	10.00	10.00	10.00	0.00	0.00	20.00	40.00	100.00	0.00	0.00	50.00	10.00	0.00	20.00	3.13	17.65	8.82	12.50	2.94	12.00	10.00	4.00	4.35	31.58	0.00	8.33	0.00	12.50	5.88	6.67	0.00	0.00	0.00	0.00	0.00	0.00	0.00	0.00	0.00	0.00	9.09	0.00	0.00	0.00	0.00	25.00	0.00	0.00	0.00	0.00	0.00	0.00	0.00	0.00	0.00	92.24
13	0.00	0.00	10.00	0.00	0.00	10.00	10.00	10.00	11.11	0.00	50.00	30.00	100.00	0.00	0.00	50.00	0.00	0.00	16.00	9.38	8.82	8.82	4.17	2.94	4.00	15.00	4.00	0.00	10.53	0.00	0.00	0.00	0.00	0.00	0.00	0.00	0.00	0.00	0.00	0.00	0.00	0.00	0.00	0.00	0.00	0.00	0.00	0.00	0.00	0.00	12.50	0.00	0.00	0.00	0.00	0.00	0.00	0.00	0.00	0.00	95.03
13	0.00	0.00	50.00	0.00	28.57	50.00	30.00	30.00	33.33	0.00	40.00	50.00	90.00	0.00	0.00	80.00	10.00	0.00	28.00	28.13	32.35	17.65	8.33	2.94	24.00	25.00	8.00	0.00	10.53	5.56	8.33	8.33	0.00	11.76	6.67	0.00	0.00	0.00	0.00	0.00	0.00	0.00	0.00	0.00	0.00	0.00	0.00	0.00	0.00	0.00	12.50	0.00	20.00	18.18	0.00	8.33	0.00	0.00	0.00	0.00	87.52
13	0.00	87.50	70.00	75.00	57.14	80.00	100.00	50.00	33.33	0.00	70.00	90.00	100.00	60.00	10.00	90.00	40.00	20.00	64.00	37.50	32.35	26.47	20.83	20.59	32.00	40.00	8.00	8.70	63.16	22.22	16.67	0.00	0.00	23.53	33.33	5.26	8.33	0.00	0.00	0.00	0.00	11.11	0.00	10.53	0.00	9.09	0.00	0.00	0.00	0.00	37.50	0.00	10.00	0.00	10.00	0.00	0.00	0.00	0.00	0.00	75.03
14	0.00	12.50	30.00	37.50	0.00	0.00	60.00	10.00	0.00	0.00	0.00	0.00	0.00	80.00	20.00	0.00	30.00	30.00	24.00	21.88	11.76	5.88	4.17	23.53	16.00	15.00	8.00	0.00	10.53	27.78	8.33	0.00	0.00	0.00	0.00	5.26	0.00	0.00	0.00	0.00	0.00	0.00	0.00	0.00	0.00	0.00	0.00	0.00	0.00	0.00	0.00	0.00	0.00	0.00	0.00	0.00	16.67	0.00	0.00	0.00	91.39
14	0.00	0.00	0.00	0.00	0.00	0.00	0.00	0.00	0.00	0.00	0.00	0.00	0.00	0.00	0.00	0.00	0.00	0.00	0.00	3.13	5.88	0.00	12.50	0.00	0.00	5.00	0.00	0.00	0.00	0.00	0.00	0.00	0.00	0.00	0.00	0.00	0.00	0.00	0.00	0.00	0.00	0.00	0.00	0.00	0.00	0.00	0.00	0.00	0.00	0.00	0.00	0.00	0.00	0.00	0.00	0.00	0.00	0.00	0.00	0.00	97.94
14	0.00	0.00	0.00	12.50	57.14	30.00	20.00	10.00	11.11	0.00	10.00	70.00	20.00	80.00	10.00	40.00	40.00	0.00	32.00	46.88	47.06	32.35	37.50	26.47	12.00	15.00	16.00	13.04	10.53	27.78	25.00	0.00	0.00	5.88	0.00	10.53	0.00	0.00	0.00	0.00	0.00	0.00	0.00	0.00	0.00	0.00	0.00	0.00	0.00	0.00	12.50	0.00	0.00	0.00	0.00	8.33	0.00	9.09	0.00	0.00	84.24
14	0.00	0.00	30.00	37.50	0.00	0.00	40.00	0.00	0.00	0.00	0.00	0.00	0.00	60.00	0.00	10.00	30.00	10.00	16.00	34.38	5.88	17.65	12.50	14.71	12.00	15.00	8.00	4.35	31.58	5.56	0.00	0.00	0.00	0.00	0.00	5.26	0.00	7.14	0.00	0.00	0.00	0.00	0.00	0.00	0.00	0.00	0.00	0.00	7.69	0.00	0.00	0.00	0.00	0.00	0.00	0.00	0.00	0.00	0.00	0.00	91.64
15	0.00	0.00	0.00	12.50	0.00	0.00	0.00	0.00	0.00	0.00	0.00	20.00	0.00	0.00	90.00	0.00	10.00	0.00	0.00	3.13	0.00	0.00	0.00	5.88	0.00	0.00	4.00	0.00	0.00	0.00	41.67	0.00	0.00	0.00	0.00	5.26	0.00	0.00	12.50	0.00	0.00	0.00	0.00	0.00	0.00	0.00	0.00	0.00	0.00	0.00	0.00	0.00	0.00	0.00	0.00	0.00	0.00	0.00	0.00	0.00	98.06
15	0.00	75.00	0.00	25.00	0.00	0.00	30.00	20.00	11.11	0.00	0.00	10.00	0.00	20.00	90.00	0.00	50.00	0.00	12.00	9.38	8.82	2.94	0.00	17.65	0.00	0.00	0.00	4.35	0.00	0.00	50.00	0.00	0.00	11.76	6.67	15.79	8.33	0.00	25.00	0.00	0.00	0.00	0.00	0.00	20.00	0.00	0.00	0.00	0.00	28.57	0.00	0.00	0.00	0.00	0.00	0.00	0.00	0.00	0.00	0.00	92.97
15	0.00	75.00	0.00	0.00	0.00	0.00	10.00	0.00	0.00	0.00	0.00	0.00	0.00	10.00	90.00	0.00	0.00	0.00	4.00	6.25	0.00	8.82	4.17	32.35	8.00	5.00	4.00	4.35	0.00	0.00	0.00	0.00	0.00	11.76	33.33	15.79	16.67	0.00	37.50	0.00	12.50	0.00	0.00	0.00	0.00	0.00	0.00	0.00	0.00	0.00	0.00	0.00	0.00	0.00	0.00	0.00	0.00	0.00	0.00	0.00	94.18
15	20.00	75.00	0.00	25.00	0.00	0.00	40.00	70.00	0.00	0.00	10.00	10.00	0.00	10.00	80.00	20.00	10.00	0.00	16.00	43.75	29.41	23.53	41.67	58.82	32.00	20.00	16.00	13.04	0.00	5.56	16.67	16.67	0.00	41.18	46.67	42.11	8.33	0.00	12.50	25.00	12.50	0.00	11.76	0.00	40.00	9.09	0.00	0.00	0.00	14.29	0.00	0.00	0.00	0.00	0.00	8.33	0.00	9.09	0.00	12.50	80.85
15	0.00	75.00	0.00	50.00	0.00	0.00	10.00	50.00	0.00	0.00	10.00	0.00	0.00	0.00	100.00	30.00	20.00	0.00	8.00	15.63	14.71	8.82	20.83	47.06	12.00	10.00	8.00	8.70	5.26	5.56	8.33	0.00	0.00	11.76	20.00	31.58	0.00	0.00	25.00	5.00	12.50	0.00	0.00	15.79	0.00	9.09	5.88	0.00	0.00	0.00	0.00	0.00	0.00	0.00	0.00	0.00	0.00	0.00	12.50	0.00	88.97
16	0.00	0.00	20.00	0.00	0.00	0.00	90.00	0.00	0.00	0.00	20.00	0.00	10.00	10.00	0.00	100.00	0.00	0.00	8.00	6.25	2.94	14.71	4.17	5.88	4.00	15.00	0.00	0.00	10.53	0.00	8.33	0.00	0.00	0.00	0.00	0.00	8.33	0.00	0.00	0.00	0.00	0.00	0.00	0.00	0.00	0.00	5.88	0.00	0.00	0.00	0.00	0.00	0.00	0.00	0.00	0.00	0.00	0.00	0.00	0.00	95.52
16	0.00	0.00	60.00	50.00	0.00	10.00	100.00	30.00	0.00	0.00	80.00	40.00	100.00	50.00	0.00	100.00	50.00	0.00	40.00	50.00	38.24	41.18	33.33	44.12	32.00	35.00	8.00	13.04	42.11	11.11	8.33	8.33	0.00	11.76	13.33	21.05	8.33	0.00	25.00	0.00	12.50	0.00	0.00	21.05	0.00	0.00	11.76	0.00	7.69	0.00	0.00	0.00	0.00	0.00	10.00	0.00	16.67	9.09	0.00	0.00	77.45
16	0.00	12.50	30.00	50.00	28.57	0.00	90.00	40.00	0.00	10.00	90.00	30.00	60.00	10.00	0.00	100.00	10.00	0.00	36.00	31.25	23.53	26.47	8.33	29.41	20.00	10.00	4.00	4.35	42.11	0.00	8.33	0.00	0.00	0.00	0.00	10.53	8.33	0.00	0.00	0.00	12.50	0.00	0.00	26.32	0.00	0.00	11.76	0.00	15.38	28.57	0.00	0.00	0.00	9.09	0.00	0.00	16.67	0.00	0.00	0.00	84.61
16	0.00	50.00	50.00	50.00	42.86	10.00	60.00	20.00	22.22	10.00	80.00	20.00	40.00	70.00	0.00	100.00	20.00	0.00	32.00	53.13	14.71	41.18	20.83	26.47	28.00	10.00	16.00	0.00	52.63	27.78	0.00	0.00	0.00	11.76	6.67	10.53	8.33	0.00	0.00	0.00	25.00	0.00	0.00	0.00	0.00	0.00	11.76	0.00	7.69	28.57	0.00	0.00	0.00	9.09	10.00	0.00	0.00	0.00	0.00	0.00	81.58
16	0.00	37.50	80.00	87.50	42.86	10.00	100.00	50.00	11.11	10.00	90.00	40.00	30.00	60.00	10.00	100.00	30.00	0.00	48.00	71.88	52.94	50.00	29.17	41.18	32.00	35.00	24.00	8.70	52.63	27.78	16.67	8.33	12.50	29.41	13.33	26.32	16.67	7.14	12.50	0.00	37.50	0.00	0.00	21.05	0.00	9.09	23.53	11.11	30.77	57.14	0.00	25.00	20.00	18.18	30.00	0.00	0.00	9.09	0.00	0.00	70.42
17	0.00	0.00	0.00	0.00	14.29	40.00	90.00	20.00	22.22	0.00	60.00	20.00	50.00	30.00	40.00	70.00	100.00	20.00	44.00	65.63	47.06	26.47	50.00	20.59	16.00	45.00	24.00	13.04	21.05	22.22	8.33	0.00	0.00	11.76	20.00	10.53	8.33	0.00	0.00	0.00	0.00	0.00	0.00	0.00	0.00	9.09	0.00	11.11	0.00	57.14	12.50	0.00	0.00	0.00	0.00	8.33	0.00	0.00	0.00	0.00	79.39
17	0.00	0.00	0.00	12.50	14.29	50.00	100.00	50.00	0.00	0.00	20.00	60.00	60.00	70.00	0.00	40.00	100.00	30.00	44.00	59.38	26.47	17.65	29.17	11.76	24.00	60.00	28.00	4.35	21.05	16.67	8.33	0.00	0.00	17.65	0.00	10.53	0.00	0.00	0.00	0.00	12.50	0.00	0.00	0.00	20.00	0.00	0.00	0.00	0.00	28.57	0.00	0.00	0.00	0.00	0.00	0.00	0.00	0.00	0.00	0.00	81.94
17	0.00	0.00	0.00	0.00	0.00	0.00	90.00	20.00	0.00	0.00	10.00	0.00	10.00	40.00	20.00	10.00	90.00	0.00	12.00	3.13	23.53	0.00	4.17	0.00	4.00	15.00	0.00	0.00	15.79	0.00	0.00	0.00	0.00	0.00	0.00	0.00	0.00	0.00	0.00	0.00	0.00	0.00	0.00	0.00	0.00	0.00	0.00	0.00	0.00	0.00	0.00	0.00	0.00	0.00	0.00	0.00	0.00	0.00	0.00	0.00	95.03
17	0.00	75.00	0.00	37.50	0.00	10.00	70.00	40.00	0.00	0.00	10.00	20.00	10.00	60.00	50.00	20.00	90.00	30.00	16.00	21.88	26.47	17.65	25.00	32.35	20.00	10.00	4.00	13.04	10.53	22.22	8.33	0.00	0.00	11.76	26.67	15.79	8.33	0.00	0.00	0.00	0.00	0.00	0.00	5.26	40.00	9.09	0.00	0.00	0.00	28.57	12.50	0.00	0.00	0.00	0.00	0.00	0.00	0.00	0.00	0.00	85.45
17	0.00	0.00	0.00	12.50	0.00	10.00	70.00	20.00	11.11	0.00	40.00	30.00	20.00	80.00	0.00	50.00	100.00	0.00	48.00	50.00	35.29	35.29	41.67	20.59	24.00	35.00	12.00	4.35	15.79	38.89	0.00	8.33	12.50	0.00	13.33	10.53	8.33	0.00	0.00	5.00	12.50	0.00	0.00	0.00	0.00	0.00	0.00	0.00	7.69	42.86	12.50	0.00	10.00	9.09	0.00	0.00	0.00	0.00	0.00	0.00	82.30
18	0.00	0.00	0.00	0.00	0.00	0.00	70.00	10.00	0.00	0.00	0.00	0.00	10.00	10.00	10.00	0.00	10.00	100.00	12.00	28.13	8.82	11.76	16.67	5.88	12.00	5.00	0.00	0.00	0.00	0.00	8.33	0.00	0.00	0.00	6.67	0.00	8.33	0.00	0.00	0.00	0.00	0.00	0.00	0.00	0.00	0.00	0.00	11.11	0.00	14.29	0.00	0.00	0.00	0.00	0.00	0.00	0.00	0.00	0.00	0.00	94.42
18	0.00	0.00	0.00	0.00	0.00	0.00	0.00	0.00	0.00	0.00	0.00	0.00	0.00	0.00	0.00	0.00	0.00	70.00	4.00	9.38	2.94	2.94	4.17	2.94	4.00	5.00	0.00	0.00	0.00	0.00	0.00	0.00	0.00	0.00	0.00	0.00	0.00	0.00	0.00	0.00	0.00	0.00	0.00	0.00	0.00	0.00	0.00	11.11	0.00	0.00	0.00	0.00	0.00	0.00	0.00	0.00	0.00	0.00	0.00	0.00	98.30
18	0.00	0.00	0.00	0.00	0.00	0.00	60.00	0.00	0.00	0.00	0.00	0.00	0.00	0.00	0.00	0.00	0.00	60.00	4.00	6.25	17.65	2.94	20.83	5.88	16.00	5.00	0.00	8.70	5.26	5.56	0.00	0.00	0.00	5.88	13.33	0.00	0.00	0.00	0.00	0.00	0.00	0.00	0.00	0.00	0.00	0.00	0.00	0.00	0.00	0.00	0.00	0.00	0.00	0.00	0.00	0.00	0.00	9.09	0.00	12.50	95.03
18	0.00	12.50	10.00	25.00	0.00	10.00	20.00	0.00	0.00	0.00	20.00	0.00	20.00	20.00	0.00	30.00	10.00	90.00	36.00	43.75	35.29	32.35	33.33	5.88	20.00	25.00	20.00	13.04	26.32	11.11	0.00	0.00	0.00	11.76	13.33	0.00	16.67	0.00	0.00	0.00	0.00	0.00	0.00	0.00	0.00	0.00	0.00	22.22	0.00	0.00	0.00	0.00	10.00	0.00	0.00	8.33	0.00	0.00	0.00	12.50	86.67
19	0.00	0.00	10.00	75.00	0.00	20.00	90.00	20.00	11.11	20.00	20.00	10.00	10.00	20.00	0.00	0.00	10.00	0.00	76.00	84.38	52.94	47.06	41.67	14.71	32.00	25.00	12.00	39.13	31.58	11.11	8.33	0.00	12.50	11.76	6.67	5.26	0.00	0.00	0.00	0.00	0.00	0.00	0.00	0.00	0.00	9.09	0.00	22.22	0.00	28.57	0.00	0.00	0.00	0.00	0.00	0.00	0.00	0.00	0.00	0.00	81.09
19	0.00	0.00	0.00	25.00	0.00	0.00	0.00	0.00	22.22	0.00	10.00	0.00	10.00	20.00	0.00	10.00	0.00	0.00	68.00	28.13	38.24	17.65	37.50	5.88	40.00	25.00	4.00	17.39	10.53	11.11	8.33	8.33	0.00	0.00	0.00	5.26	0.00	0.00	0.00	0.00	0.00	0.00	0.00	5.26	0.00	0.00	0.00	11.11	0.00	0.00	0.00	0.00	10.00	0.00	10.00	0.00	0.00	18.18	0.00	0.00	89.21
19	0.00	62.50	10.00	0.00	0.00	20.00	0.00	20.00	33.33	70.00	40.00	0.00	0.00	10.00	40.00	50.00	30.00	10.00	68.00	56.25	79.41	29.41	20.83	61.76	52.00	50.00	24.00	60.87	57.89	55.56	25.00	25.00	37.50	35.29	13.33	31.58	8.33	0.00	0.00	0.00	0.00	0.00	0.00	0.00	0.00	36.36	5.88	33.33	0.00	42.86	0.00	0.00	0.00	0.00	10.00	8.33	0.00	36.36	12.50	0.00	71.76
19	0.00	0.00	20.00	25.00	0.00	10.00	0.00	10.00	0.00	0.00	30.00	0.00	20.00	0.00	0.00	20.00	10.00	0.00	56.00	65.63	64.71	41.18	33.33	5.88	52.00	15.00	20.00	39.13	26.32	22.22	0.00	8.33	0.00	5.88	0.00	5.26	0.00	0.00	0.00	0.00	0.00	0.00	0.00	0.00	0.00	27.27	0.00	22.22	7.69	0.00	0.00	0.00	0.00	0.00	0.00	16.67	0.00	9.09	0.00	0.00	82.67
19	10.00	0.00	0.00	62.50	14.29	10.00	40.00	60.00	0.00	30.00	40.00	0.00	20.00	0.00	0.00	0.00	10.00	0.00	76.00	62.50	79.41	58.82	58.33	29.41	48.00	25.00	20.00	69.57	57.89	44.44	0.00	0.00	12.50	5.88	13.33	0.00	0.00	7.14	0.00	5.00	12.50	0.00	0.00	0.00	0.00	27.27	5.88	44.44	0.00	14.29	0.00	0.00	0.00	0.00	40.00	8.33	0.00	27.27	0.00	0.00	75.03
19	0.00	0.00	20.00	50.00	100.00	90.00	100.00	30.00	44.44	90.00	80.00	0.00	10.00	10.00	0.00	60.00	0.00	0.00	92.00	90.63	91.18	50.00	79.17	23.53	84.00	45.00	60.00	39.13	57.89	66.67	25.00	0.00	0.00	17.65	20.00	21.05	8.33	0.00	0.00	5.00	25.00	55.56	23.53	5.26	0.00	9.09	0.00	33.33	23.08	71.43	0.00	50.00	30.00	9.09	60.00	8.33	0.00	36.36	0.00	12.50	63.15
19	10.00	75.00	20.00	50.00	0.00	0.00	40.00	90.00	33.33	0.00	0.00	10.00	10.00	30.00	10.00	20.00	20.00	0.00	92.00	96.88	76.47	29.41	58.33	35.29	60.00	80.00	52.00	30.43	52.63	50.00	0.00	16.67	25.00	17.65	0.00	15.79	0.00	7.14	0.00	10.00	0.00	11.11	17.65	0.00	0.00	9.09	0.00	11.11	23.08	0.00	0.00	0.00	10.00	0.00	0.00	66.67	0.00	63.64	25.00	0.00	70.42
19	0.00	0.00	40.00	12.50	0.00	10.00	60.00	60.00	11.11	0.00	10.00	10.00	30.00	0.00	0.00	30.00	10.00	0.00	80.00	68.75	70.59	38.24	41.67	2.94	60.00	70.00	24.00	26.09	52.63	27.78	8.33	8.33	0.00	0.00	13.33	0.00	8.33	0.00	0.00	0.00	12.50	11.11	0.00	0.00	0.00	9.09	11.76	0.00	0.00	14.29	0.00	25.00	30.00	18.18	70.00	8.33	0.00	0.00	0.00	0.00	77.70
20	0.00	0.00	30.00	37.50	57.14	80.00	90.00	0.00	0.00	50.00	10.00	0.00	0.00	10.00	0.00	30.00	0.00	0.00	60.00	75.00	58.82	47.06	16.67	8.82	36.00	40.00	20.00	17.39	52.63	33.33	0.00	0.00	62.50	11.76	0.00	5.26	0.00	0.00	0.00	0.00	0.00	11.11	0.00	0.00	0.00	0.00	0.00	0.00	23.08	0.00	0.00	0.00	20.00	0.00	30.00	0.00	0.00	0.00	0.00	0.00	80.36
20	10.00	0.00	0.00	62.50	0.00	20.00	10.00	0.00	0.00	0.00	30.00	0.00	0.00	0.00	0.00	10.00	0.00	0.00	28.00	71.88	47.06	38.24	45.83	11.76	32.00	10.00	8.00	34.78	31.58	22.22	0.00	0.00	0.00	0.00	6.67	0.00	0.00	7.14	0.00	0.00	0.00	0.00	11.76	0.00	0.00	36.36	0.00	33.33	0.00	0.00	0.00	0.00	10.00	0.00	0.00	0.00	0.00	0.00	0.00	0.00	86.06
20	0.00	0.00	0.00	0.00	0.00	0.00	10.00	0.00	0.00	0.00	0.00	0.00	0.00	0.00	0.00	10.00	0.00	0.00	20.00	50.00	23.53	14.71	8.33	0.00	24.00	10.00	0.00	13.04	0.00	11.11	0.00	0.00	0.00	0.00	0.00	0.00	0.00	0.00	0.00	0.00	0.00	0.00	0.00	0.00	0.00	0.00	0.00	0.00	7.69	0.00	0.00	0.00	0.00	0.00	0.00	0.00	0.00	0.00	0.00	0.00	93.70
20	0.00	0.00	0.00	12.50	0.00	10.00	0.00	0.00	0.00	0.00	10.00	0.00	0.00	20.00	0.00	0.00	0.00	0.00	16.00	62.50	23.53	20.59	4.17	8.82	28.00	10.00	4.00	8.70	31.58	11.11	0.00	0.00	0.00	5.88	0.00	5.26	0.00	0.00	0.00	0.00	12.50	11.11	0.00	0.00	0.00	0.00	5.88	11.11	0.00	0.00	0.00	0.00	0.00	0.00	0.00	0.00	0.00	0.00	0.00	0.00	92.00
20	0.00	0.00	0.00	12.50	14.29	20.00	10.00	0.00	0.00	0.00	0.00	0.00	0.00	0.00	0.00	20.00	10.00	0.00	8.00	50.00	32.35	23.53	25.00	5.88	28.00	5.00	0.00	21.74	21.05	16.67	0.00	0.00	0.00	0.00	0.00	0.00	0.00	0.00	0.00	0.00	0.00	0.00	0.00	0.00	0.00	0.00	0.00	0.00	0.00	0.00	0.00	0.00	0.00	0.00	0.00	0.00	0.00	0.00	0.00	0.00	91.15
20	10.00	37.50	70.00	75.00	42.86	80.00	100.00	70.00	33.33	40.00	50.00	50.00	10.00	50.00	0.00	50.00	10.00	10.00	92.00	93.75	79.41	73.53	79.17	55.88	80.00	70.00	72.00	60.87	78.95	66.67	16.67	8.33	50.00	41.18	33.33	42.11	0.00	0.00	0.00	5.00	12.50	44.44	5.88	10.53	0.00	54.55	0.00	44.44	61.54	28.57	0.00	75.00	40.00	27.27	60.00	16.67	0.00	36.36	0.00	0.00	56.24
21	40.00	0.00	40.00	87.50	14.29	0.00	100.00	50.00	33.33	40.00	20.00	30.00	0.00	40.00	30.00	10.00	10.00	0.00	84.00	90.63	100.00	94.12	70.83	55.88	84.00	50.00	12.00	91.30	73.68	55.56	8.33	25.00	0.00	17.65	13.33	21.05	0.00	35.71	12.50	15.00	0.00	0.00	47.06	5.26	0.00	45.45	11.76	44.44	15.38	14.29	0.00	25.00	10.00	0.00	60.00	33.33	33.33	90.91	50.00	25.00	60.73
21	10.00	12.50	100.00	87.50	57.14	90.00	100.00	90.00	66.67	0.00	50.00	40.00	70.00	60.00	0.00	60.00	20.00	0.00	84.00	87.50	79.41	79.41	58.33	79.41	64.00	45.00	16.00	52.17	68.42	50.00	8.33	8.33	37.50	52.94	13.33	10.53	0.00	57.14	0.00	5.00	25.00	22.22	47.06	31.58	0.00	63.64	5.88	22.22	7.69	14.29	12.50	0.00	10.00	9.09	10.00	33.33	0.00	90.91	25.00	0.00	57.45
21	10.00	0.00	0.00	37.50	28.57	10.00	90.00	70.00	0.00	20.00	30.00	10.00	10.00	40.00	20.00	10.00	80.00	10.00	52.00	78.13	85.29	64.71	54.17	44.12	36.00	45.00	40.00	52.17	47.37	16.67	16.67	0.00	0.00	17.65	0.00	21.05	8.33	7.14	0.00	0.00	0.00	0.00	5.88	0.00	0.00	0.00	5.88	33.33	7.69	0.00	0.00	0.00	10.00	0.00	50.00	16.67	0.00	9.09	0.00	0.00	73.70
21	0.00	0.00	0.00	12.50	0.00	0.00	0.00	10.00	0.00	10.00	0.00	0.00	0.00	0.00	0.00	0.00	0.00	0.00	8.00	25.00	52.94	17.65	25.00	0.00	0.00	0.00	0.00	21.74	0.00	11.11	0.00	0.00	0.00	0.00	6.67	0.00	0.00	0.00	0.00	0.00	0.00	0.00	0.00	0.00	0.00	0.00	0.00	0.00	0.00	0.00	0.00	0.00	0.00	0.00	10.00	0.00	0.00	0.00	0.00	0.00	93.94
21	20.00	50.00	100.00	87.50	71.43	90.00	100.00	90.00	33.33	100.00	20.00	50.00	0.00	60.00	90.00	50.00	80.00	80.00	68.00	96.88	100.00	85.29	87.50	73.53	80.00	45.00	40.00	86.96	84.21	66.67	41.67	8.33	25.00	47.06	13.33	36.84	8.33	21.43	37.50	15.00	25.00	11.11	35.29	10.53	80.00	36.36	0.00	66.67	23.08	71.43	12.50	50.00	10.00	0.00	50.00	25.00	16.67	45.45	12.50	25.00	50.18
21	0.00	0.00	20.00	37.50	0.00	10.00	50.00	50.00	0.00	20.00	0.00	0.00	20.00	0.00	20.00	10.00	40.00	0.00	24.00	18.75	64.71	67.65	33.33	17.65	24.00	25.00	4.00	60.87	21.05	27.78	0.00	16.67	0.00	5.88	20.00	0.00	0.00	0.00	0.00	0.00	0.00	11.11	11.76	0.00	0.00	18.18	5.88	11.11	15.38	0.00	0.00	0.00	0.00	0.00	20.00	0.00	0.00	9.09	0.00	0.00	82.91
22	0.00	87.50	50.00	87.50	85.71	50.00	100.00	100.00	33.33	100.00	40.00	40.00	40.00	30.00	30.00	90.00	80.00	20.00	80.00	93.75	100.00	100.00	83.33	82.35	72.00	55.00	52.00	95.65	84.21	72.22	41.67	33.33	12.50	47.06	33.33	31.58	8.33	42.86	12.50	15.00	0.00	22.22	64.71	10.53	0.00	81.82	11.76	66.67	46.15	42.86	50.00	0.00	20.00	0.00	50.00	50.00	16.67	45.45	0.00	0.00	48.00
22	0.00	0.00	0.00	12.50	14.29	0.00	30.00	0.00	0.00	10.00	10.00	0.00	10.00	0.00	0.00	50.00	10.00	0.00	4.00	12.50	35.29	58.82	25.00	5.88	20.00	10.00	4.00	21.74	21.05	11.11	0.00	0.00	0.00	0.00	6.67	5.26	0.00	0.00	0.00	0.00	0.00	0.00	0.00	0.00	0.00	9.09	0.00	0.00	0.00	0.00	25.00	0.00	0.00	0.00	0.00	0.00	0.00	0.00	0.00	0.00	90.67
22	0.00	0.00	0.00	12.50	0.00	0.00	10.00	10.00	0.00	0.00	0.00	0.00	0.00	0.00	0.00	60.00	0.00	0.00	8.00	28.13	8.82	17.65	8.33	0.00	8.00	5.00	8.00	0.00	5.26	5.56	0.00	0.00	0.00	5.88	0.00	10.53	0.00	0.00	0.00	0.00	0.00	0.00	0.00	5.26	0.00	0.00	0.00	0.00	7.69	0.00	0.00	0.00	0.00	0.00	0.00	0.00	0.00	0.00	0.00	0.00	92.12
22	0.00	0.00	0.00	0.00	28.57	10.00	10.00	10.00	0.00	40.00	40.00	0.00	10.00	0.00	0.00	10.00	0.00	0.00	28.00	40.63	55.88	88.24	20.83	23.53	24.00	5.00	8.00	30.43	31.58	11.11	0.00	0.00	0.00	0.00	0.00	0.00	0.00	14.29	0.00	10.00	0.00	0.00	23.53	0.00	0.00	36.36	0.00	0.00	23.08	0.00	0.00	0.00	0.00	0.00	10.00	0.00	0.00	9.09	0.00	0.00	86.42
23	0.00	0.00	0.00	12.50	0.00	0.00	10.00	0.00	0.00	0.00	0.00	0.00	0.00	0.00	0.00	0.00	0.00	0.00	12.00	28.13	20.59	2.94	54.17	0.00	8.00	5.00	8.00	4.35	5.26	0.00	0.00	0.00	0.00	0.00	0.00	0.00	0.00	0.00	0.00	0.00	0.00	0.00	0.00	0.00	0.00	0.00	0.00	0.00	0.00	0.00	0.00	0.00	0.00	0.00	0.00	0.00	0.00	0.00	0.00	0.00	95.15
23	0.00	0.00	0.00	0.00	0.00	0.00	60.00	20.00	0.00	0.00	0.00	0.00	0.00	0.00	0.00	0.00	0.00	0.00	12.00	21.88	0.00	5.88	45.83	2.94	12.00	10.00	4.00	0.00	10.53	11.11	0.00	0.00	0.00	5.88	0.00	0.00	0.00	0.00	0.00	0.00	0.00	0.00	0.00	0.00	0.00	0.00	0.00	0.00	7.69	0.00	0.00	25.00	0.00	9.09	0.00	0.00	0.00	0.00	0.00	0.00	94.18
23	30.00	25.00	30.00	87.50	28.57	80.00	100.00	100.00	0.00	30.00	20.00	80.00	10.00	60.00	50.00	30.00	40.00	0.00	84.00	100.00	79.41	76.47	95.83	67.65	80.00	90.00	60.00	43.48	57.89	83.33	58.33	16.67	0.00	41.18	20.00	36.84	0.00	14.29	0.00	30.00	37.50	11.11	76.47	42.11	0.00	36.36	11.76	44.44	23.08	0.00	50.00	25.00	20.00	36.36	50.00	50.00	50.00	45.45	50.00	12.50	51.15
23	0.00	0.00	0.00	0.00	0.00	0.00	0.00	0.00	0.00	0.00	0.00	0.00	0.00	0.00	0.00	0.00	0.00	0.00	8.00	12.50	8.82	17.65	45.83	0.00	0.00	0.00	0.00	4.35	0.00	5.56	0.00	0.00	0.00	0.00	0.00	0.00	0.00	0.00	0.00	0.00	0.00	0.00	0.00	0.00	0.00	0.00	0.00	0.00	0.00	0.00	0.00	0.00	0.00	0.00	0.00	8.33	0.00	9.09	0.00	0.00	96.12
23	0.00	0.00	20.00	25.00	57.14	20.00	80.00	30.00	0.00	30.00	0.00	10.00	0.00	20.00	0.00	10.00	0.00	0.00	40.00	65.63	73.53	58.82	87.50	23.53	64.00	35.00	12.00	43.48	52.63	50.00	0.00	0.00	0.00	0.00	13.33	0.00	0.00	21.43	0.00	5.00	0.00	0.00	17.65	0.00	0.00	0.00	0.00	33.33	0.00	0.00	0.00	25.00	0.00	0.00	0.00	8.33	0.00	9.09	0.00	12.50	77.45
24	0.00	0.00	0.00	25.00	0.00	0.00	40.00	30.00	0.00	0.00	70.00	70.00	0.00	0.00	0.00	20.00	0.00	0.00	20.00	6.25	14.71	2.94	4.17	35.29	8.00	10.00	20.00	0.00	0.00	0.00	0.00	0.00	0.00	17.65	6.67	0.00	0.00	0.00	0.00	0.00	0.00	0.00	0.00	10.53	0.00	0.00	0.00	0.00	0.00	0.00	0.00	0.00	10.00	9.09	10.00	0.00	0.00	0.00	0.00	0.00	90.42
24	0.00	12.50	0.00	75.00	0.00	0.00	0.00	10.00	0.00	20.00	10.00	20.00	0.00	10.00	10.00	40.00	0.00	0.00	16.00	31.25	11.76	32.35	12.50	67.65	16.00	5.00	16.00	4.35	5.26	11.11	41.67	25.00	0.00	23.53	40.00	10.53	8.33	0.00	12.50	10.00	0.00	0.00	5.88	5.26	0.00	0.00	5.88	0.00	0.00	0.00	0.00	0.00	20.00	0.00	0.00	0.00	0.00	0.00	12.50	0.00	87.27
24	0.00	0.00	0.00	37.50	0.00	0.00	0.00	20.00	0.00	40.00	30.00	90.00	0.00	0.00	20.00	30.00	0.00	0.00	20.00	34.38	17.65	32.35	12.50	52.94	16.00	25.00	28.00	4.35	10.53	11.11	33.33	8.33	0.00	11.76	40.00	31.58	33.33	7.14	12.50	15.00	37.50	0.00	23.53	10.53	0.00	0.00	23.53	0.00	23.08	0.00	0.00	25.00	40.00	0.00	10.00	0.00	0.00	0.00	0.00	0.00	81.94
24	0.00	62.50	10.00	37.50	28.57	10.00	20.00	20.00	0.00	0.00	80.00	0.00	0.00	60.00	30.00	10.00	0.00	10.00	40.00	62.50	35.29	64.71	50.00	73.53	36.00	30.00	16.00	8.70	26.32	16.67	25.00	8.33	12.50	23.53	13.33	15.79	16.67	0.00	25.00	0.00	50.00	0.00	0.00	0.00	80.00	0.00	0.00	11.11	7.69	0.00	12.50	25.00	10.00	0.00	0.00	0.00	0.00	0.00	0.00	0.00	78.18
25	0.00	0.00	60.00	50.00	0.00	0.00	50.00	40.00	11.11	0.00	0.00	50.00	10.00	0.00	0.00	20.00	0.00	0.00	56.00	56.25	47.06	44.12	45.83	8.82	72.00	60.00	28.00	13.04	31.58	16.67	0.00	25.00	12.50	5.88	0.00	0.00	0.00	7.14	0.00	0.00	0.00	11.11	5.88	5.26	0.00	27.27	0.00	11.11	0.00	0.00	0.00	25.00	0.00	18.18	30.00	58.33	0.00	0.00	12.50	0.00	79.39
25	40.00	0.00	40.00	75.00	71.43	10.00	50.00	50.00	44.44	60.00	40.00	80.00	10.00	20.00	10.00	40.00	10.00	0.00	60.00	87.50	52.94	79.41	37.50	35.29	84.00	60.00	32.00	13.04	42.11	38.89	25.00	25.00	0.00	17.65	33.33	10.53	8.33	21.43	0.00	15.00	12.50	44.44	17.65	5.26	80.00	9.09	23.53	11.11	30.77	14.29	0.00	25.00	0.00	18.18	0.00	8.33	0.00	9.09	12.50	0.00	67.88
25	20.00	12.50	30.00	12.50	0.00	10.00	10.00	60.00	0.00	0.00	10.00	40.00	60.00	10.00	0.00	10.00	10.00	0.00	48.00	62.50	50.00	32.35	33.33	47.06	64.00	50.00	48.00	26.09	42.11	16.67	25.00	8.33	12.50	23.53	26.67	10.53	8.33	7.14	12.50	5.00	12.50	22.22	17.65	15.79	40.00	9.09	0.00	0.00	0.00	0.00	0.00	50.00	20.00	27.27	10.00	0.00	16.67	9.09	0.00	0.00	75.52
25	0.00	0.00	0.00	12.50	0.00	0.00	30.00	30.00	0.00	10.00	0.00	0.00	20.00	0.00	0.00	10.00	10.00	0.00	60.00	75.00	61.76	47.06	54.17	5.88	80.00	60.00	24.00	21.74	26.32	44.44	0.00	8.33	0.00	11.76	0.00	5.26	0.00	0.00	0.00	0.00	0.00	11.11	0.00	5.26	0.00	0.00	0.00	0.00	15.38	0.00	0.00	0.00	0.00	9.09	0.00	0.00	0.00	9.09	0.00	0.00	81.33
25	30.00	0.00	80.00	62.50	0.00	10.00	60.00	100.00	11.11	0.00	10.00	0.00	60.00	20.00	0.00	20.00	20.00	0.00	52.00	84.38	47.06	41.18	41.67	32.35	76.00	50.00	28.00	34.78	26.32	16.67	16.67	25.00	0.00	41.18	20.00	15.79	0.00	7.14	0.00	0.00	12.50	22.22	5.88	15.79	0.00	0.00	17.65	11.11	15.38	0.00	12.50	50.00	10.00	45.45	10.00	8.33	16.67	0.00	12.50	12.50	72.97
26	0.00	62.50	0.00	12.50	57.14	20.00	70.00	0.00	44.44	90.00	70.00	10.00	20.00	0.00	20.00	70.00	30.00	10.00	48.00	59.38	64.71	38.24	25.00	38.24	44.00	65.00	32.00	26.09	31.58	16.67	16.67	0.00	12.50	23.53	6.67	0.00	41.67	0.00	0.00	0.00	12.50	22.22	0.00	0.00	20.00	36.36	0.00	0.00	0.00	28.57	0.00	25.00	0.00	0.00	30.00	0.00	0.00	9.09	0.00	0.00	74.67
26	0.00	0.00	20.00	50.00	0.00	30.00	20.00	50.00	0.00	0.00	70.00	100.00	20.00	30.00	0.00	10.00	20.00	0.00	40.00	78.13	35.29	17.65	33.33	23.53	44.00	75.00	32.00	8.70	21.05	11.11	8.33	0.00	0.00	5.88	13.33	31.58	8.33	0.00	0.00	0.00	37.50	0.00	0.00	21.05	0.00	9.09	0.00	11.11	0.00	14.29	0.00	50.00	10.00	18.18	10.00	25.00	16.67	0.00	0.00	0.00	79.03
26	0.00	12.50	60.00	25.00	0.00	80.00	60.00	60.00	33.33	20.00	0.00	50.00	50.00	10.00	0.00	70.00	10.00	0.00	68.00	65.63	64.71	23.53	45.83	11.76	60.00	90.00	32.00	56.52	47.37	33.33	0.00	0.00	0.00	5.88	6.67	0.00	0.00	7.14	0.00	5.00	0.00	33.33	0.00	5.26	0.00	9.09	0.00	0.00	7.69	0.00	0.00	0.00	10.00	9.09	50.00	41.67	0.00	27.27	0.00	0.00	74.06
26	0.00	25.00	10.00	75.00	42.86	10.00	50.00	50.00	55.56	0.00	70.00	30.00	70.00	0.00	0.00	40.00	10.00	10.00	80.00	84.38	61.76	58.82	58.33	64.71	60.00	50.00	40.00	30.43	36.84	38.89	8.33	16.67	12.50	23.53	20.00	5.26	8.33	0.00	0.00	5.00	12.50	11.11	17.65	26.32	20.00	63.64	5.88	22.22	23.08	42.86	0.00	0.00	0.00	9.09	0.00	16.67	16.67	45.45	0.00	0.00	65.94
27	0.00	0.00	0.00	0.00	0.00	0.00	0.00	10.00	0.00	0.00	0.00	20.00	0.00	0.00	0.00	0.00	0.00	0.00	16.00	3.13	2.94	2.94	4.17	5.88	8.00	5.00	36.00	0.00	0.00	0.00	0.00	0.00	0.00	0.00	0.00	0.00	0.00	0.00	0.00	0.00	12.50	0.00	0.00	5.26	0.00	0.00	0.00	0.00	0.00	0.00	0.00	0.00	0.00	0.00	0.00	0.00	0.00	0.00	0.00	0.00	95.88
27	0.00	12.50	0.00	37.50	14.29	0.00	20.00	90.00	33.33	50.00	0.00	40.00	0.00	0.00	60.00	30.00	10.00	0.00	40.00	40.63	32.35	2.94	29.17	23.53	12.00	35.00	84.00	4.35	5.26	11.11	41.67	0.00	0.00	11.76	6.67	0.00	16.67	0.00	12.50	0.00	25.00	0.00	0.00	5.26	0.00	0.00	0.00	0.00	0.00	0.00	0.00	0.00	20.00	9.09	20.00	0.00	33.33	0.00	0.00	0.00	84.61
27	0.00	0.00	0.00	0.00	0.00	0.00	0.00	50.00	0.00	0.00	0.00	50.00	0.00	0.00	0.00	0.00	0.00	0.00	8.00	6.25	8.82	5.88	12.50	17.65	8.00	5.00	60.00	0.00	10.53	0.00	0.00	0.00	0.00	5.88	0.00	0.00	0.00	0.00	0.00	0.00	0.00	0.00	0.00	5.26	0.00	0.00	0.00	0.00	0.00	0.00	0.00	0.00	20.00	0.00	0.00	0.00	0.00	0.00	0.00	0.00	94.30
27	0.00	0.00	0.00	0.00	0.00	0.00	0.00	60.00	0.00	0.00	30.00	30.00	0.00	0.00	0.00	0.00	0.00	0.00	8.00	15.63	0.00	2.94	8.33	5.88	8.00	5.00	52.00	0.00	0.00	0.00	0.00	0.00	0.00	5.88	13.33	5.26	0.00	0.00	0.00	0.00	12.50	0.00	0.00	5.26	0.00	0.00	0.00	0.00	0.00	0.00	0.00	0.00	10.00	0.00	0.00	0.00	0.00	0.00	0.00	0.00	94.42
28	0.00	12.50	0.00	87.50	0.00	20.00	30.00	30.00	22.22	0.00	40.00	0.00	20.00	30.00	0.00	10.00	20.00	0.00	68.00	71.88	88.24	76.47	50.00	17.65	60.00	45.00	20.00	95.65	84.21	66.67	8.33	0.00	0.00	5.88	6.67	0.00	0.00	14.29	0.00	0.00	12.50	0.00	11.76	0.00	0.00	36.36	0.00	22.22	0.00	0.00	0.00	0.00	0.00	0.00	10.00	16.67	0.00	27.27	12.50	0.00	72.97
28	0.00	0.00	30.00	12.50	42.86	10.00	80.00	0.00	33.33	0.00	0.00	0.00	20.00	0.00	0.00	20.00	0.00	0.00	36.00	37.50	32.35	32.35	16.67	2.94	40.00	10.00	0.00	73.91	78.95	22.22	0.00	0.00	0.00	0.00	0.00	0.00	0.00	0.00	0.00	0.00	0.00	0.00	11.76	0.00	0.00	27.27	0.00	11.11	0.00	0.00	0.00	0.00	0.00	9.09	0.00	8.33	0.00	9.09	0.00	0.00	85.82
28	0.00	37.50	20.00	0.00	0.00	0.00	10.00	10.00	33.33	20.00	0.00	0.00	10.00	60.00	0.00	20.00	10.00	0.00	56.00	37.50	70.59	41.18	37.50	17.65	36.00	25.00	0.00	91.30	78.95	38.89	0.00	0.00	12.50	0.00	6.67	5.26	0.00	0.00	0.00	0.00	0.00	0.00	0.00	0.00	0.00	18.18	0.00	0.00	0.00	0.00	0.00	0.00	0.00	0.00	0.00	16.67	0.00	18.18	0.00	0.00	82.06
29	0.00	0.00	20.00	0.00	0.00	0.00	20.00	0.00	0.00	60.00	0.00	0.00	0.00	0.00	0.00	0.00	0.00	0.00	44.00	25.00	44.12	11.76	8.33	0.00	36.00	5.00	0.00	65.22	68.42	27.78	0.00	0.00	0.00	0.00	0.00	0.00	0.00	0.00	0.00	0.00	0.00	0.00	0.00	0.00	0.00	9.09	0.00	0.00	0.00	0.00	0.00	0.00	0.00	0.00	20.00	8.33	0.00	0.00	0.00	0.00	89.09
29	0.00	0.00	30.00	50.00	0.00	20.00	60.00	0.00	22.22	0.00	0.00	0.00	0.00	10.00	0.00	10.00	0.00	0.00	40.00	46.88	38.24	47.06	8.33	11.76	28.00	0.00	4.00	8.70	26.32	5.56	0.00	0.00	12.50	0.00	0.00	0.00	0.00	7.14	0.00	5.00	0.00	0.00	35.29	0.00	0.00	9.09	0.00	11.11	7.69	0.00	0.00	0.00	0.00	0.00	0.00	0.00	16.67	0.00	0.00	0.00	85.82
29	0.00	0.00	70.00	37.50	28.57	30.00	90.00	30.00	33.33	0.00	60.00	60.00	40.00	0.00	0.00	60.00	20.00	20.00	52.00	75.00	88.24	20.59	50.00	8.82	76.00	40.00	12.00	52.17	84.21	50.00	0.00	0.00	12.50	0.00	6.67	0.00	8.33	0.00	0.00	0.00	0.00	0.00	5.88	5.26	0.00	0.00	0.00	33.33	15.38	14.29	0.00	25.00	0.00	0.00	30.00	16.67	16.67	0.00	0.00	0.00	73.70
29	0.00	62.50	80.00	62.50	71.43	90.00	100.00	80.00	33.33	50.00	60.00	90.00	100.00	40.00	0.00	100.00	20.00	10.00	68.00	84.38	76.47	76.47	45.83	41.18	72.00	40.00	36.00	43.48	78.95	55.56	0.00	0.00	12.50	17.65	0.00	10.53	0.00	0.00	0.00	0.00	0.00	22.22	5.88	0.00	0.00	27.27	0.00	44.44	23.08	0.00	12.50	25.00	20.00	0.00	40.00	8.33	16.67	0.00	0.00	0.00	62.55
30	0.00	0.00	50.00	37.50	0.00	20.00	90.00	0.00	11.11	0.00	20.00	0.00	0.00	10.00	0.00	20.00	0.00	0.00	68.00	59.38	64.71	41.18	37.50	2.94	52.00	40.00	16.00	82.61	68.42	44.44	8.33	0.00	12.50	5.88	6.67	0.00	0.00	7.14	0.00	0.00	0.00	0.00	0.00	0.00	0.00	36.36	0.00	11.11	7.69	0.00	12.50	0.00	10.00	0.00	0.00	8.33	16.67	0.00	0.00	0.00	77.09
30	0.00	37.50	50.00	25.00	57.14	10.00	80.00	40.00	33.33	40.00	80.00	20.00	50.00	10.00	0.00	30.00	10.00	0.00	40.00	46.88	76.47	58.82	20.83	5.88	40.00	20.00	8.00	69.57	84.21	55.56	8.33	0.00	0.00	0.00	6.67	0.00	0.00	14.29	0.00	0.00	0.00	11.11	0.00	0.00	0.00	27.27	0.00	0.00	7.69	14.29	0.00	0.00	0.00	0.00	50.00	8.33	16.67	9.09	0.00	0.00	75.03
30	0.00	0.00	40.00	75.00	0.00	20.00	100.00	30.00	0.00	0.00	20.00	20.00	0.00	0.00	10.00	60.00	10.00	0.00	44.00	65.63	41.18	35.29	29.17	44.12	24.00	25.00	8.00	39.13	36.84	38.89	8.33	0.00	0.00	23.53	0.00	21.05	0.00	0.00	0.00	0.00	0.00	0.00	5.88	0.00	0.00	18.18	5.88	0.00	7.69	0.00	0.00	0.00	10.00	0.00	0.00	0.00	16.67	0.00	0.00	0.00	79.03
31	0.00	0.00	0.00	12.50	0.00	10.00	0.00	0.00	0.00	0.00	10.00	0.00	0.00	0.00	20.00	0.00	10.00	0.00	20.00	34.38	5.88	2.94	20.83	11.76	8.00	0.00	12.00	0.00	0.00	0.00	16.67	0.00	0.00	5.88	0.00	10.53	0.00	0.00	0.00	0.00	0.00	0.00	11.76	0.00	0.00	0.00	0.00	11.11	0.00	14.29	12.50	0.00	0.00	0.00	0.00	0.00	0.00	0.00	0.00	0.00	93.09
31	0.00	0.00	0.00	25.00	0.00	10.00	0.00	0.00	0.00	0.00	10.00	0.00	0.00	0.00	0.00	10.00	0.00	0.00	24.00	34.38	14.71	26.47	12.50	11.76	16.00	5.00	4.00	8.70	21.05	5.56	0.00	0.00	0.00	0.00	0.00	0.00	0.00	21.43	0.00	0.00	0.00	0.00	0.00	0.00	0.00	0.00	0.00	11.11	7.69	0.00	0.00	0.00	0.00	0.00	0.00	0.00	0.00	0.00	0.00	0.00	91.15
31	0.00	62.50	20.00	37.50	0.00	0.00	0.00	70.00	11.11	60.00	70.00	100.00	10.00	10.00	20.00	0.00	0.00	0.00	40.00	59.38	32.35	2.94	33.33	32.35	32.00	20.00	32.00	13.04	31.58	22.22	50.00	8.33	0.00	35.29	33.33	47.37	8.33	0.00	50.00	0.00	37.50	0.00	5.88	0.00	0.00	0.00	11.76	0.00	7.69	0.00	25.00	0.00	50.00	36.36	20.00	0.00	0.00	9.09	0.00	0.00	76.85
31	0.00	62.50	10.00	25.00	14.29	0.00	10.00	50.00	0.00	40.00	20.00	0.00	10.00	0.00	10.00	50.00	10.00	0.00	44.00	53.13	20.59	20.59	33.33	32.35	24.00	30.00	16.00	13.04	26.32	22.22	16.67	8.33	0.00	35.29	13.33	26.32	16.67	7.14	12.50	0.00	12.50	11.11	17.65	5.26	0.00	0.00	5.88	0.00	15.38	42.86	12.50	0.00	10.00	9.09	0.00	16.67	0.00	9.09	0.00	0.00	80.12
32	0.00	0.00	10.00	25.00	0.00	0.00	0.00	10.00	11.11	0.00	10.00	0.00	0.00	10.00	20.00	40.00	0.00	0.00	24.00	28.13	11.76	14.71	16.67	38.24	8.00	15.00	4.00	4.35	0.00	5.56	8.33	50.00	0.00	5.88	13.33	10.53	16.67	7.14	0.00	15.00	12.50	0.00	0.00	5.26	20.00	0.00	0.00	0.00	7.69	0.00	0.00	0.00	10.00	9.09	0.00	0.00	16.67	0.00	12.50	0.00	89.33
32	0.00	0.00	10.00	25.00	14.29	10.00	0.00	30.00	11.11	0.00	0.00	0.00	0.00	0.00	0.00	10.00	0.00	0.00	56.00	34.38	23.53	26.47	8.33	8.82	36.00	25.00	4.00	0.00	26.32	11.11	0.00	8.33	0.00	0.00	0.00	10.53	0.00	0.00	0.00	0.00	0.00	0.00	0.00	0.00	0.00	0.00	5.88	0.00	0.00	0.00	0.00	0.00	0.00	0.00	0.00	0.00	0.00	0.00	0.00	0.00	88.73
32	0.00	0.00	10.00	0.00	0.00	0.00	0.00	10.00	0.00	0.00	0.00	0.00	0.00	0.00	0.00	10.00	0.00	0.00	0.00	0.00	2.94	2.94	0.00	5.88	4.00	0.00	0.00	0.00	0.00	0.00	0.00	75.00	0.00	0.00	0.00	0.00	0.00	0.00	0.00	0.00	0.00	0.00	0.00	5.26	0.00	0.00	0.00	0.00	0.00	0.00	0.00	0.00	0.00	0.00	0.00	0.00	0.00	0.00	0.00	0.00	98.55
32	10.00	0.00	30.00	75.00	0.00	0.00	0.00	10.00	0.00	0.00	10.00	0.00	0.00	10.00	0.00	0.00	0.00	0.00	12.00	12.50	5.88	17.65	8.33	23.53	4.00	5.00	4.00	4.35	0.00	5.56	0.00	75.00	0.00	17.65	20.00	10.53	8.33	21.43	0.00	20.00	0.00	0.00	0.00	10.53	20.00	0.00	0.00	0.00	0.00	0.00	0.00	0.00	0.00	0.00	0.00	0.00	0.00	0.00	12.50	12.50	91.88
32	0.00	0.00	40.00	12.50	0.00	0.00	0.00	0.00	0.00	0.00	0.00	0.00	0.00	0.00	0.00	10.00	0.00	0.00	8.00	6.25	11.76	5.88	8.33	5.88	8.00	0.00	0.00	0.00	0.00	0.00	0.00	91.67	0.00	0.00	13.33	0.00	0.00	14.29	0.00	0.00	0.00	0.00	11.76	0.00	0.00	0.00	11.76	0.00	0.00	0.00	0.00	0.00	0.00	0.00	0.00	0.00	0.00	9.09	12.50	0.00	96.00
33	0.00	0.00	30.00	12.50	0.00	0.00	60.00	20.00	33.33	10.00	10.00	0.00	20.00	0.00	0.00	0.00	0.00	0.00	44.00	31.25	23.53	20.59	16.67	20.59	20.00	5.00	4.00	4.35	21.05	22.22	0.00	0.00	12.50	17.65	13.33	0.00	0.00	0.00	0.00	0.00	0.00	0.00	0.00	0.00	0.00	0.00	0.00	0.00	0.00	0.00	0.00	0.00	0.00	0.00	10.00	0.00	0.00	9.09	12.50	0.00	88.24
33	0.00	0.00	0.00	37.50	0.00	10.00	60.00	10.00	0.00	0.00	20.00	10.00	0.00	30.00	20.00	10.00	50.00	0.00	60.00	81.25	61.76	50.00	58.33	26.47	52.00	35.00	36.00	13.04	26.32	38.89	8.33	8.33	12.50	11.76	6.67	21.05	0.00	14.29	0.00	15.00	0.00	0.00	17.65	0.00	0.00	9.09	0.00	11.11	7.69	14.29	0.00	0.00	0.00	0.00	0.00	0.00	16.67	18.18	12.50	0.00	75.39
33	0.00	62.50	0.00	0.00	14.29	0.00	0.00	0.00	11.11	0.00	0.00	0.00	0.00	0.00	0.00	0.00	10.00	0.00	4.00	15.63	14.71	5.88	8.33	0.00	12.00	15.00	0.00	0.00	0.00	5.56	0.00	0.00	0.00	0.00	6.67	0.00	0.00	0.00	0.00	5.00	0.00	0.00	0.00	0.00	0.00	0.00	0.00	0.00	0.00	0.00	0.00	0.00	0.00	0.00	0.00	0.00	0.00	9.09	0.00	0.00	95.03
33	0.00	0.00	0.00	0.00	0.00	0.00	0.00	0.00	0.00	0.00	0.00	0.00	0.00	0.00	0.00	0.00	10.00	10.00	4.00	6.25	20.59	5.88	4.17	2.94	0.00	5.00	0.00	0.00	0.00	11.11	0.00	0.00	0.00	0.00	0.00	5.26	0.00	0.00	0.00	0.00	0.00	0.00	0.00	0.00	0.00	18.18	0.00	22.22	0.00	0.00	0.00	0.00	0.00	0.00	0.00	0.00	0.00	0.00	0.00	0.00	96.12
34	0.00	75.00	20.00	75.00	28.57	10.00	90.00	20.00	22.22	10.00	0.00	60.00	10.00	0.00	0.00	10.00	30.00	0.00	76.00	68.75	47.06	44.12	66.67	20.59	48.00	40.00	20.00	17.39	31.58	16.67	16.67	16.67	37.50	52.94	20.00	36.84	0.00	7.14	0.00	5.00	25.00	0.00	5.88	21.05	0.00	18.18	11.76	0.00	23.08	14.29	0.00	0.00	10.00	9.09	10.00	8.33	0.00	18.18	0.00	0.00	72.97
34	10.00	0.00	10.00	75.00	0.00	0.00	20.00	40.00	0.00	0.00	0.00	50.00	0.00	10.00	0.00	20.00	30.00	0.00	36.00	21.88	23.53	14.71	4.17	14.71	4.00	35.00	36.00	4.35	5.26	0.00	0.00	0.00	0.00	29.41	6.67	10.53	8.33	0.00	0.00	0.00	0.00	0.00	0.00	5.26	0.00	0.00	0.00	0.00	0.00	0.00	0.00	0.00	10.00	9.09	0.00	0.00	0.00	0.00	0.00	0.00	88.12
34	10.00	25.00	60.00	75.00	28.57	60.00	100.00	40.00	33.33	0.00	20.00	90.00	0.00	10.00	0.00	30.00	0.00	0.00	28.00	25.00	26.47	35.29	25.00	44.12	32.00	25.00	24.00	0.00	26.32	11.11	16.67	0.00	50.00	70.59	33.33	26.32	8.33	0.00	0.00	0.00	25.00	11.11	11.76	5.26	0.00	9.09	5.88	11.11	0.00	0.00	0.00	0.00	10.00	18.18	10.00	0.00	0.00	0.00	0.00	0.00	79.03
34	0.00	62.50	40.00	37.50	0.00	10.00	50.00	90.00	0.00	0.00	80.00	70.00	50.00	40.00	50.00	0.00	90.00	20.00	24.00	28.13	14.71	14.71	25.00	32.35	16.00	30.00	36.00	8.70	0.00	0.00	16.67	8.33	12.50	70.59	20.00	26.32	0.00	0.00	12.50	0.00	0.00	0.00	11.76	10.53	0.00	0.00	0.00	0.00	0.00	0.00	25.00	0.00	30.00	18.18	0.00	0.00	0.00	0.00	0.00	0.00	80.73
34	0.00	0.00	10.00	0.00	0.00	0.00	0.00	0.00	0.00	0.00	0.00	0.00	10.00	0.00	0.00	0.00	0.00	0.00	0.00	0.00	0.00	0.00	4.17	0.00	0.00	0.00	0.00	4.35	5.26	0.00	0.00	0.00	0.00	0.00	0.00	0.00	0.00	0.00	0.00	0.00	0.00	0.00	0.00	0.00	0.00	0.00	0.00	0.00	0.00	0.00	0.00	0.00	0.00	0.00	0.00	0.00	0.00	0.00	0.00	0.00	97.33
35	0.00	62.50	60.00	50.00	0.00	0.00	10.00	90.00	22.22	20.00	10.00	80.00	0.00	10.00	60.00	30.00	10.00	0.00	44.00	28.13	50.00	32.35	54.17	44.12	36.00	40.00	20.00	17.39	15.79	16.67	33.33	16.67	12.50	41.18	73.33	10.53	8.33	0.00	12.50	5.00	37.50	0.00	17.65	0.00	20.00	0.00	17.65	11.11	0.00	0.00	25.00	0.00	20.00	18.18	30.00	0.00	0.00	18.18	12.50	0.00	75.39
35	0.00	37.50	50.00	37.50	0.00	0.00	0.00	90.00	11.11	0.00	0.00	80.00	10.00	10.00	50.00	10.00	10.00	0.00	40.00	25.00	47.06	32.35	45.83	47.06	36.00	40.00	8.00	13.04	10.53	5.56	33.33	25.00	0.00	47.06	53.33	15.79	8.33	0.00	0.00	5.00	12.50	0.00	17.65	0.00	20.00	0.00	11.76	0.00	0.00	0.00	37.50	0.00	30.00	27.27	30.00	0.00	0.00	0.00	12.50	0.00	77.94
35	0.00	37.50	50.00	37.50	0.00	0.00	0.00	90.00	11.11	0.00	0.00	80.00	0.00	10.00	20.00	10.00	0.00	0.00	40.00	12.50	41.18	23.53	41.67	35.29	36.00	35.00	8.00	8.70	10.53	5.56	25.00	25.00	0.00	35.29	53.33	5.26	8.33	0.00	0.00	0.00	12.50	0.00	11.76	0.00	20.00	0.00	5.88	0.00	0.00	0.00	25.00	0.00	20.00	18.18	10.00	0.00	0.00	9.09	12.50	0.00	81.94
35	90.00	37.50	90.00	62.50	0.00	0.00	50.00	80.00	0.00	0.00	10.00	50.00	10.00	20.00	30.00	0.00	0.00	0.00	20.00	56.25	23.53	38.24	29.17	52.94	40.00	25.00	28.00	0.00	21.05	5.56	16.67	16.67	12.50	41.18	73.33	21.05	8.33	0.00	0.00	30.00	37.50	0.00	17.65	73.68	40.00	0.00	17.65	11.11	0.00	0.00	25.00	25.00	30.00	9.09	10.00	0.00	0.00	9.09	12.50	37.50	74.18
35	0.00	0.00	0.00	25.00	0.00	0.00	0.00	10.00	0.00	0.00	10.00	40.00	0.00	0.00	0.00	20.00	0.00	0.00	28.00	9.38	8.82	5.88	12.50	41.18	8.00	5.00	4.00	8.70	5.26	0.00	8.33	0.00	0.00	0.00	66.67	0.00	0.00	0.00	12.50	0.00	0.00	0.00	0.00	10.53	0.00	0.00	0.00	0.00	0.00	0.00	0.00	0.00	0.00	0.00	0.00	0.00	0.00	0.00	0.00	0.00	92.97
35	0.00	37.50	0.00	25.00	0.00	0.00	0.00	40.00	0.00	0.00	10.00	80.00	0.00	0.00	0.00	10.00	0.00	0.00	32.00	18.75	14.71	8.82	8.33	38.24	16.00	15.00	4.00	0.00	0.00	0.00	16.67	16.67	0.00	5.88	60.00	5.26	8.33	0.00	0.00	0.00	25.00	0.00	5.88	5.26	0.00	0.00	29.41	0.00	0.00	0.00	0.00	0.00	40.00	0.00	10.00	0.00	16.67	0.00	12.50	0.00	88.73
36	0.00	0.00	0.00	25.00	0.00	0.00	0.00	0.00	0.00	0.00	10.00	10.00	0.00	20.00	20.00	0.00	10.00	0.00	20.00	18.75	26.47	14.71	25.00	5.88	8.00	10.00	16.00	8.70	15.79	0.00	8.33	0.00	12.50	5.88	0.00	15.79	0.00	0.00	0.00	0.00	0.00	0.00	0.00	0.00	0.00	0.00	0.00	11.11	0.00	0.00	12.50	0.00	0.00	0.00	0.00	0.00	0.00	0.00	0.00	0.00	90.79
36	0.00	0.00	0.00	37.50	0.00	0.00	0.00	0.00	0.00	0.00	10.00	10.00	0.00	20.00	20.00	0.00	10.00	0.00	24.00	34.38	26.47	35.29	37.50	8.82	4.00	10.00	16.00	13.04	15.79	11.11	8.33	0.00	0.00	5.88	6.67	15.79	0.00	0.00	0.00	0.00	0.00	0.00	0.00	0.00	0.00	0.00	0.00	22.22	0.00	0.00	12.50	0.00	0.00	0.00	0.00	0.00	0.00	0.00	0.00	0.00	88.24
36	0.00	0.00	0.00	25.00	0.00	10.00	0.00	0.00	0.00	0.00	0.00	0.00	0.00	40.00	40.00	0.00	10.00	0.00	0.00	6.25	0.00	5.88	0.00	5.88	0.00	0.00	0.00	0.00	0.00	0.00	0.00	0.00	0.00	0.00	13.33	42.11	0.00	0.00	37.50	0.00	0.00	0.00	0.00	0.00	0.00	0.00	0.00	0.00	0.00	0.00	12.50	0.00	0.00	0.00	0.00	0.00	0.00	0.00	0.00	0.00	95.76
36	0.00	0.00	0.00	12.50	0.00	0.00	0.00	0.00	0.00	0.00	0.00	0.00	0.00	0.00	10.00	0.00	0.00	0.00	8.00	3.13	2.94	0.00	4.17	14.71	0.00	0.00	4.00	0.00	0.00	0.00	0.00	8.33	0.00	0.00	13.33	26.32	0.00	0.00	25.00	0.00	0.00	0.00	0.00	0.00	0.00	0.00	0.00	0.00	0.00	0.00	0.00	0.00	0.00	0.00	0.00	0.00	0.00	0.00	0.00	0.00	96.12
36	0.00	25.00	0.00	0.00	0.00	0.00	0.00	0.00	0.00	0.00	0.00	0.00	0.00	0.00	20.00	0.00	0.00	0.00	0.00	3.13	5.88	5.88	8.33	8.82	0.00	0.00	0.00	4.35	0.00	0.00	8.33	0.00	0.00	0.00	6.67	0.00	0.00	0.00	37.50	5.00	0.00	0.00	0.00	0.00	0.00	0.00	0.00	0.00	0.00	0.00	0.00	0.00	0.00	0.00	0.00	0.00	0.00	0.00	0.00	12.50	95.03
37	0.00	0.00	0.00	12.50	0.00	0.00	0.00	10.00	0.00	0.00	0.00	0.00	0.00	0.00	0.00	0.00	0.00	0.00	12.00	12.50	14.71	23.53	8.33	0.00	4.00	0.00	0.00	4.35	0.00	0.00	41.67	0.00	0.00	0.00	0.00	10.53	8.33	0.00	0.00	0.00	0.00	0.00	0.00	0.00	0.00	0.00	0.00	0.00	0.00	0.00	12.50	0.00	0.00	0.00	0.00	0.00	0.00	0.00	0.00	0.00	94.55
37	0.00	0.00	0.00	0.00	0.00	0.00	10.00	0.00	0.00	0.00	0.00	0.00	0.00	0.00	0.00	0.00	0.00	0.00	0.00	0.00	5.88	2.94	0.00	2.94	0.00	0.00	0.00	0.00	0.00	0.00	0.00	0.00	0.00	0.00	6.67	0.00	25.00	0.00	0.00	0.00	0.00	0.00	0.00	0.00	0.00	0.00	0.00	0.00	0.00	0.00	0.00	0.00	0.00	0.00	0.00	0.00	0.00	0.00	0.00	0.00	98.18
37	0.00	0.00	0.00	0.00	0.00	0.00	0.00	0.00	0.00	0.00	0.00	0.00	0.00	0.00	0.00	0.00	0.00	0.00	0.00	3.13	0.00	2.94	0.00	0.00	0.00	0.00	0.00	0.00	0.00	0.00	0.00	0.00	0.00	0.00	0.00	0.00	25.00	0.00	0.00	0.00	0.00	0.00	0.00	0.00	0.00	0.00	5.88	0.00	0.00	0.00	0.00	0.00	0.00	0.00	0.00	0.00	0.00	0.00	0.00	0.00	98.55
37	0.00	0.00	0.00	0.00	0.00	0.00	0.00	0.00	0.00	0.00	0.00	10.00	0.00	10.00	40.00	0.00	0.00	0.00	8.00	6.25	0.00	5.88	4.17	5.88	4.00	5.00	8.00	0.00	0.00	0.00	25.00	8.33	0.00	0.00	0.00	5.26	33.33	0.00	0.00	0.00	0.00	0.00	0.00	0.00	0.00	0.00	5.88	0.00	0.00	0.00	0.00	0.00	0.00	0.00	0.00	0.00	0.00	0.00	0.00	0.00	96.00
38	0.00	0.00	0.00	12.50	0.00	0.00	0.00	0.00	0.00	0.00	0.00	0.00	0.00	0.00	0.00	0.00	0.00	0.00	8.00	0.00	5.88	8.82	8.33	2.94	16.00	0.00	0.00	0.00	0.00	5.56	0.00	16.67	0.00	5.88	0.00	0.00	0.00	57.14	0.00	15.00	0.00	0.00	5.88	0.00	0.00	0.00	0.00	0.00	0.00	0.00	0.00	0.00	0.00	0.00	0.00	0.00	0.00	0.00	25.00	0.00	96.24
38	0.00	0.00	30.00	25.00	0.00	0.00	0.00	10.00	0.00	0.00	0.00	0.00	0.00	0.00	0.00	0.00	0.00	0.00	20.00	15.63	14.71	35.29	0.00	17.65	0.00	0.00	4.00	13.04	10.53	0.00	0.00	33.33	0.00	0.00	0.00	0.00	0.00	71.43	0.00	10.00	0.00	11.11	5.88	10.53	0.00	0.00	5.88	0.00	7.69	0.00	0.00	0.00	0.00	0.00	0.00	0.00	0.00	9.09	25.00	0.00	92.24
38	20.00	0.00	40.00	50.00	0.00	0.00	20.00	20.00	11.11	0.00	0.00	0.00	30.00	0.00	0.00	10.00	0.00	0.00	24.00	56.25	20.59	47.06	33.33	23.53	28.00	5.00	8.00	8.70	5.26	5.56	0.00	50.00	0.00	11.76	0.00	0.00	0.00	64.29	0.00	25.00	0.00	0.00	11.76	15.79	0.00	0.00	23.53	11.11	15.38	0.00	0.00	0.00	0.00	0.00	0.00	16.67	0.00	9.09	25.00	0.00	84.12
38	0.00	0.00	20.00	12.50	0.00	0.00	0.00	10.00	0.00	0.00	0.00	0.00	0.00	0.00	0.00	0.00	0.00	0.00	8.00	9.38	14.71	58.82	4.17	8.82	12.00	0.00	0.00	13.04	15.79	0.00	0.00	8.33	0.00	0.00	13.33	0.00	0.00	64.29	0.00	15.00	0.00	0.00	5.88	0.00	0.00	0.00	5.88	0.00	0.00	0.00	0.00	0.00	0.00	0.00	0.00	0.00	0.00	0.00	12.50	0.00	92.61
39	0.00	0.00	0.00	0.00	0.00	0.00	70.00	10.00	0.00	0.00	0.00	0.00	0.00	0.00	20.00	0.00	10.00	10.00	8.00	3.13	5.88	0.00	0.00	8.82	8.00	0.00	0.00	0.00	0.00	0.00	8.33	0.00	0.00	0.00	6.67	26.32	16.67	0.00	25.00	0.00	12.50	0.00	0.00	0.00	0.00	0.00	0.00	0.00	0.00	0.00	0.00	0.00	0.00	0.00	0.00	0.00	0.00	0.00	0.00	0.00	95.39
39	0.00	50.00	0.00	12.50	0.00	0.00	0.00	0.00	0.00	0.00	0.00	0.00	10.00	0.00	20.00	0.00	10.00	0.00	8.00	21.88	0.00	2.94	16.67	17.65	4.00	0.00	0.00	4.35	0.00	0.00	8.33	8.33	0.00	5.88	0.00	5.26	8.33	0.00	0.00	0.00	0.00	0.00	0.00	0.00	0.00	0.00	0.00	0.00	0.00	0.00	0.00	0.00	0.00	0.00	0.00	0.00	0.00	0.00	0.00	0.00	94.67
39	0.00	0.00	0.00	12.50	0.00	0.00	0.00	20.00	0.00	0.00	0.00	0.00	0.00	0.00	0.00	0.00	0.00	0.00	4.00	3.13	5.88	2.94	4.17	11.76	8.00	5.00	0.00	0.00	0.00	0.00	8.33	0.00	0.00	0.00	6.67	21.05	8.33	0.00	50.00	0.00	0.00	0.00	0.00	0.00	0.00	0.00	11.76	0.00	0.00	0.00	0.00	0.00	0.00	0.00	0.00	0.00	0.00	0.00	0.00	0.00	96.48
39	0.00	0.00	30.00	87.50	0.00	0.00	0.00	80.00	0.00	0.00	10.00	70.00	0.00	0.00	30.00	0.00	0.00	0.00	28.00	59.38	14.71	2.94	45.83	35.29	12.00	25.00	24.00	4.35	0.00	5.56	41.67	8.33	0.00	41.18	26.67	31.58	0.00	0.00	87.50	0.00	0.00	0.00	5.88	36.84	0.00	0.00	0.00	0.00	0.00	0.00	12.50	0.00	10.00	0.00	10.00	0.00	0.00	0.00	0.00	25.00	83.39
39	0.00	0.00	0.00	0.00	0.00	0.00	10.00	0.00	0.00	0.00	0.00	0.00	0.00	0.00	0.00	0.00	0.00	0.00	0.00	0.00	0.00	11.76	4.17	11.76	0.00	5.00	0.00	0.00	5.26	0.00	0.00	0.00	0.00	0.00	0.00	0.00	0.00	0.00	0.00	0.00	0.00	0.00	0.00	0.00	0.00	0.00	0.00	0.00	0.00	0.00	0.00	0.00	0.00	0.00	0.00	0.00	0.00	0.00	0.00	0.00	97.58
40	20.00	0.00	30.00	62.50	0.00	0.00	40.00	10.00	0.00	10.00	0.00	0.00	10.00	0.00	0.00	20.00	0.00	0.00	16.00	34.38	23.53	32.35	29.17	35.29	4.00	10.00	16.00	8.70	5.26	5.56	0.00	25.00	0.00	0.00	0.00	5.26	0.00	21.43	0.00	90.00	0.00	0.00	29.41	15.79	0.00	0.00	35.29	0.00	7.69	0.00	0.00	0.00	0.00	0.00	0.00	0.00	0.00	0.00	37.50	12.50	86.55
40	20.00	0.00	40.00	12.50	0.00	0.00	10.00	20.00	0.00	0.00	0.00	0.00	0.00	0.00	0.00	0.00	0.00	0.00	24.00	15.63	26.47	29.41	8.33	14.71	12.00	5.00	4.00	13.04	10.53	5.56	0.00	33.33	0.00	5.88	6.67	5.26	0.00	50.00	0.00	25.00	0.00	0.00	17.65	5.26	0.00	0.00	17.65	0.00	15.38	0.00	0.00	0.00	0.00	0.00	0.00	8.33	0.00	0.00	37.50	0.00	87.88
40	0.00	0.00	0.00	0.00	0.00	0.00	0.00	0.00	0.00	0.00	0.00	0.00	0.00	0.00	0.00	0.00	0.00	0.00	0.00	0.00	0.00	0.00	0.00	2.94	0.00	0.00	0.00	0.00	0.00	0.00	0.00	0.00	0.00	0.00	0.00	0.00	0.00	0.00	0.00	25.00	0.00	0.00	0.00	0.00	0.00	0.00	0.00	0.00	0.00	0.00	0.00	0.00	0.00	0.00	0.00	0.00	0.00	0.00	0.00	0.00	98.06
40	0.00	0.00	0.00	0.00	0.00	0.00	0.00	0.00	0.00	0.00	0.00	0.00	0.00	0.00	0.00	0.00	0.00	0.00	0.00	0.00	0.00	0.00	0.00	0.00	0.00	0.00	0.00	0.00	0.00	0.00	0.00	0.00	0.00	0.00	0.00	0.00	0.00	0.00	0.00	10.00	0.00	0.00	0.00	0.00	0.00	0.00	0.00	0.00	0.00	0.00	0.00	0.00	0.00	0.00	0.00	0.00	0.00	0.00	0.00	0.00	97.82
41	0.00	0.00	0.00	0.00	0.00	0.00	0.00	0.00	0.00	0.00	0.00	0.00	0.00	0.00	0.00	0.00	0.00	0.00	0.00	0.00	0.00	0.00	0.00	0.00	0.00	0.00	0.00	0.00	0.00	0.00	0.00	0.00	0.00	0.00	0.00	0.00	0.00	0.00	0.00	20.00	0.00	0.00	0.00	0.00	0.00	0.00	0.00	0.00	0.00	0.00	0.00	0.00	0.00	0.00	0.00	0.00	0.00	0.00	0.00	0.00	98.55
41	0.00	25.00	30.00	37.50	0.00	10.00	0.00	90.00	11.11	20.00	50.00	100.00	0.00	10.00	0.00	30.00	10.00	0.00	16.00	25.00	11.76	5.88	16.67	44.12	20.00	30.00	32.00	0.00	5.26	5.56	25.00	16.67	0.00	47.06	60.00	10.53	16.67	0.00	25.00	0.00	62.50	22.22	0.00	0.00	0.00	0.00	11.76	0.00	0.00	0.00	0.00	0.00	10.00	9.09	0.00	0.00	0.00	0.00	12.50	0.00	83.39
41	0.00	50.00	30.00	50.00	14.29	60.00	60.00	60.00	0.00	20.00	40.00	60.00	30.00	60.00	40.00	70.00	70.00	20.00	52.00	71.88	38.24	20.59	12.50	52.94	36.00	45.00	20.00	17.39	31.58	38.89	33.33	8.33	12.50	29.41	33.33	31.58	8.33	0.00	0.00	0.00	37.50	0.00	0.00	5.26	40.00	0.00	11.76	0.00	23.08	14.29	0.00	0.00	20.00	0.00	0.00	0.00	0.00	0.00	0.00	12.50	72.36
42	0.00	0.00	30.00	50.00	0.00	0.00	20.00	0.00	0.00	30.00	20.00	0.00	0.00	0.00	0.00	20.00	0.00	0.00	24.00	21.88	5.88	2.94	4.17	0.00	12.00	20.00	20.00	4.35	21.05	16.67	0.00	8.33	0.00	5.88	0.00	0.00	0.00	0.00	0.00	5.00	12.50	0.00	0.00	0.00	0.00	0.00	0.00	0.00	0.00	0.00	0.00	0.00	0.00	18.18	0.00	0.00	0.00	0.00	0.00	0.00	91.76
42	10.00	0.00	10.00	12.50	0.00	0.00	20.00	20.00	0.00	10.00	0.00	0.00	0.00	0.00	0.00	0.00	0.00	0.00	20.00	37.50	20.59	2.94	8.33	8.82	24.00	5.00	20.00	0.00	5.26	5.56	0.00	0.00	0.00	0.00	6.67	5.26	0.00	0.00	0.00	0.00	0.00	33.33	5.88	5.26	0.00	0.00	5.88	11.11	7.69	14.29	0.00	0.00	0.00	0.00	0.00	0.00	0.00	0.00	0.00	0.00	92.00
42	0.00	0.00	20.00	25.00	28.57	10.00	0.00	10.00	0.00	10.00	40.00	30.00	0.00	0.00	0.00	20.00	10.00	0.00	4.00	9.38	5.88	11.76	12.50	0.00	20.00	15.00	4.00	0.00	15.79	0.00	0.00	0.00	0.00	5.88	0.00	0.00	0.00	0.00	0.00	0.00	0.00	11.11	0.00	0.00	0.00	9.09	0.00	0.00	0.00	0.00	0.00	0.00	0.00	0.00	0.00	0.00	0.00	0.00	0.00	0.00	93.45
42	0.00	0.00	0.00	0.00	0.00	0.00	0.00	0.00	0.00	10.00	0.00	0.00	0.00	0.00	0.00	10.00	0.00	0.00	44.00	40.63	20.59	5.88	4.17	11.76	12.00	5.00	4.00	8.70	0.00	16.67	0.00	0.00	0.00	0.00	0.00	0.00	0.00	0.00	0.00	0.00	0.00	22.22	0.00	0.00	0.00	0.00	0.00	0.00	0.00	0.00	0.00	25.00	0.00	0.00	10.00	0.00	0.00	0.00	0.00	0.00	92.85
43	0.00	0.00	0.00	12.50	0.00	0.00	40.00	0.00	0.00	0.00	0.00	0.00	0.00	0.00	0.00	0.00	0.00	0.00	12.00	12.50	20.59	20.59	25.00	0.00	12.00	0.00	0.00	8.70	0.00	5.56	0.00	8.33	0.00	0.00	0.00	0.00	0.00	7.14	0.00	15.00	0.00	0.00	47.06	0.00	0.00	0.00	11.76	0.00	15.38	0.00	0.00	0.00	0.00	0.00	0.00	0.00	0.00	0.00	12.50	25.00	92.85
43	20.00	0.00	40.00	50.00	0.00	0.00	60.00	40.00	0.00	50.00	20.00	10.00	0.00	0.00	0.00	0.00	0.00	0.00	24.00	40.63	52.94	61.76	25.00	20.59	20.00	5.00	8.00	13.04	10.53	11.11	16.67	33.33	12.50	0.00	13.33	5.26	0.00	0.00	0.00	20.00	0.00	0.00	76.47	0.00	0.00	0.00	11.76	0.00	15.38	14.29	0.00	25.00	0.00	0.00	0.00	8.33	0.00	9.09	12.50	12.50	82.79
43	0.00	12.50	40.00	37.50	0.00	0.00	50.00	10.00	0.00	0.00	0.00	0.00	10.00	0.00	10.00	40.00	0.00	0.00	24.00	28.13	23.53	47.06	16.67	26.47	24.00	0.00	0.00	30.43	10.53	0.00	0.00	33.33	25.00	17.65	26.67	5.26	0.00	7.14	0.00	10.00	0.00	0.00	58.82	0.00	0.00	0.00	0.00	0.00	15.38	0.00	0.00	0.00	0.00	0.00	10.00	8.33	0.00	9.09	37.50	0.00	85.58
43	0.00	0.00	20.00	25.00	0.00	0.00	40.00	0.00	11.11	0.00	0.00	0.00	10.00	0.00	0.00	10.00	0.00	0.00	16.00	21.88	23.53	11.76	25.00	2.94	8.00	0.00	8.00	8.70	21.05	0.00	0.00	0.00	0.00	0.00	0.00	0.00	0.00	0.00	0.00	10.00	0.00	0.00	29.41	0.00	0.00	0.00	0.00	0.00	7.69	0.00	0.00	0.00	0.00	0.00	0.00	0.00	0.00	0.00	0.00	0.00	92.00
44	0.00	0.00	0.00	0.00	0.00	0.00	0.00	10.00	0.00	0.00	0.00	10.00	0.00	0.00	0.00	10.00	0.00	0.00	0.00	0.00	5.88	0.00	0.00	5.88	0.00	0.00	4.00	0.00	0.00	0.00	0.00	0.00	0.00	0.00	6.67	0.00	0.00	0.00	0.00	0.00	0.00	0.00	0.00	47.37	0.00	0.00	5.88	0.00	0.00	0.00	0.00	0.00	0.00	0.00	0.00	0.00	0.00	0.00	0.00	0.00	97.58
44	0.00	0.00	10.00	0.00	0.00	0.00	10.00	30.00	0.00	0.00	20.00	40.00	10.00	0.00	10.00	10.00	0.00	0.00	8.00	21.88	2.94	2.94	8.33	29.41	8.00	15.00	24.00	0.00	5.26	0.00	16.67	0.00	0.00	23.53	6.67	15.79	8.33	0.00	12.50	0.00	12.50	0.00	0.00	89.47	0.00	0.00	0.00	0.00	0.00	0.00	0.00	0.00	0.00	0.00	0.00	0.00	0.00	0.00	0.00	0.00	92.24
44	10.00	0.00	20.00	0.00	0.00	0.00	0.00	10.00	0.00	0.00	0.00	0.00	0.00	0.00	0.00	10.00	0.00	0.00	4.00	6.25	2.94	5.88	12.50	8.82	0.00	0.00	12.00	0.00	0.00	0.00	0.00	58.33	0.00	0.00	0.00	0.00	0.00	0.00	0.00	10.00	0.00	0.00	0.00	47.37	0.00	0.00	0.00	0.00	0.00	0.00	0.00	0.00	0.00	0.00	0.00	0.00	0.00	0.00	0.00	0.00	95.27
45	40.00	0.00	30.00	62.50	28.57	10.00	90.00	50.00	11.11	10.00	40.00	30.00	10.00	10.00	40.00	40.00	20.00	0.00	60.00	87.50	58.82	50.00	41.67	70.59	44.00	60.00	20.00	17.39	31.58	16.67	50.00	0.00	0.00	17.65	26.67	21.05	8.33	7.14	25.00	15.00	25.00	11.11	0.00	5.26	100.00	0.00	5.88	0.00	30.77	42.86	25.00	0.00	60.00	0.00	20.00	0.00	33.33	0.00	12.50	0.00	69.21
45	0.00	0.00	0.00	0.00	14.29	10.00	50.00	0.00	0.00	0.00	0.00	0.00	0.00	10.00	0.00	20.00	0.00	0.00	12.00	50.00	20.59	23.53	4.17	20.59	20.00	15.00	12.00	4.35	21.05	16.67	8.33	0.00	12.50	5.88	6.67	15.79	16.67	7.14	0.00	10.00	0.00	11.11	5.88	0.00	0.00	9.09	5.88	11.11	0.00	57.14	0.00	0.00	0.00	0.00	0.00	0.00	0.00	9.09	0.00	0.00	88.12
45	0.00	0.00	0.00	0.00	0.00	0.00	0.00	0.00	0.00	0.00	0.00	0.00	0.00	0.00	0.00	0.00	0.00	0.00	0.00	3.13	0.00	2.94	0.00	0.00	0.00	0.00	0.00	0.00	0.00	0.00	0.00	0.00	0.00	0.00	0.00	5.26	0.00	0.00	0.00	0.00	0.00	0.00	0.00	0.00	0.00	0.00	0.00	0.00	0.00	0.00	0.00	0.00	0.00	0.00	0.00	0.00	0.00	0.00	0.00	0.00	99.03
45	0.00	0.00	0.00	0.00	0.00	0.00	0.00	0.00	0.00	0.00	0.00	0.00	0.00	0.00	0.00	0.00	0.00	0.00	0.00	0.00	0.00	0.00	0.00	0.00	0.00	0.00	0.00	0.00	0.00	0.00	0.00	0.00	0.00	0.00	0.00	0.00	0.00	0.00	0.00	0.00	0.00	0.00	0.00	0.00	0.00	0.00	0.00	0.00	0.00	0.00	0.00	0.00	0.00	0.00	0.00	0.00	0.00	0.00	0.00	0.00	99.39
46	0.00	0.00	0.00	0.00	0.00	0.00	0.00	0.00	0.00	0.00	0.00	0.00	0.00	0.00	0.00	0.00	0.00	0.00	0.00	0.00	2.94	0.00	0.00	0.00	0.00	0.00	0.00	0.00	0.00	0.00	0.00	0.00	0.00	0.00	0.00	0.00	0.00	0.00	0.00	0.00	0.00	0.00	0.00	0.00	0.00	0.00	0.00	0.00	0.00	0.00	0.00	0.00	0.00	0.00	0.00	0.00	0.00	0.00	0.00	0.00	98.55
46	0.00	0.00	0.00	75.00	0.00	0.00	20.00	0.00	0.00	0.00	0.00	0.00	0.00	0.00	0.00	0.00	0.00	0.00	16.00	15.63	14.71	17.65	12.50	8.82	4.00	0.00	0.00	8.70	5.26	0.00	0.00	0.00	0.00	0.00	0.00	5.26	0.00	0.00	0.00	0.00	0.00	0.00	0.00	0.00	0.00	36.36	0.00	0.00	0.00	0.00	0.00	0.00	0.00	0.00	0.00	0.00	0.00	0.00	0.00	0.00	94.42
46	0.00	0.00	0.00	0.00	14.29	0.00	0.00	10.00	0.00	10.00	0.00	0.00	0.00	0.00	0.00	0.00	0.00	0.00	4.00	15.63	8.82	17.65	8.33	0.00	16.00	15.00	0.00	8.70	5.26	11.11	0.00	0.00	0.00	0.00	0.00	0.00	0.00	0.00	0.00	0.00	0.00	0.00	0.00	0.00	0.00	0.00	0.00	0.00	0.00	0.00	0.00	0.00	0.00	0.00	0.00	0.00	0.00	0.00	0.00	0.00	94.79
46	0.00	0.00	30.00	75.00	14.29	10.00	70.00	60.00	0.00	0.00	20.00	0.00	0.00	10.00	10.00	10.00	30.00	0.00	32.00	40.63	32.35	20.59	37.50	0.00	44.00	30.00	12.00	0.00	31.58	44.44	8.33	0.00	0.00	5.88	20.00	10.53	8.33	0.00	0.00	0.00	0.00	0.00	5.88	5.26	0.00	27.27	0.00	22.22	0.00	28.57	12.50	0.00	0.00	9.09	0.00	8.33	0.00	0.00	0.00	0.00	83.15
47	0.00	0.00	0.00	0.00	0.00	0.00	0.00	30.00	0.00	0.00	0.00	50.00	0.00	0.00	0.00	0.00	0.00	0.00	4.00	6.25	0.00	2.94	0.00	5.88	4.00	0.00	0.00	4.35	0.00	5.56	0.00	0.00	0.00	0.00	0.00	0.00	8.33	0.00	0.00	0.00	0.00	0.00	0.00	0.00	0.00	0.00	29.41	0.00	0.00	0.00	0.00	0.00	10.00	0.00	0.00	0.00	0.00	0.00	0.00	0.00	96.24
47	10.00	0.00	10.00	25.00	0.00	0.00	0.00	70.00	0.00	0.00	0.00	90.00	20.00	0.00	40.00	50.00	0.00	0.00	32.00	31.25	8.82	5.88	12.50	50.00	8.00	25.00	56.00	4.35	5.26	0.00	25.00	16.67	0.00	11.76	33.33	10.53	0.00	0.00	12.50	0.00	37.50	11.11	0.00	84.21	0.00	0.00	11.76	0.00	0.00	0.00	12.50	0.00	40.00	0.00	0.00	0.00	0.00	0.00	0.00	0.00	81.58
47	0.00	0.00	40.00	12.50	0.00	10.00	10.00	70.00	11.11	0.00	0.00	90.00	90.00	0.00	0.00	70.00	0.00	0.00	12.00	28.13	17.65	35.29	16.67	17.65	12.00	35.00	16.00	4.35	10.53	11.11	8.33	0.00	0.00	11.76	33.33	10.53	8.33	0.00	0.00	10.00	12.50	11.11	0.00	84.21	0.00	9.09	0.00	0.00	0.00	0.00	0.00	25.00	10.00	36.36	0.00	0.00	16.67	0.00	0.00	0.00	81.21
47	0.00	0.00	0.00	0.00	0.00	0.00	0.00	0.00	0.00	0.00	0.00	10.00	0.00	0.00	0.00	40.00	0.00	0.00	0.00	3.13	0.00	2.94	8.33	8.82	4.00	0.00	0.00	0.00	0.00	0.00	8.33	0.00	0.00	0.00	0.00	5.26	0.00	0.00	0.00	0.00	0.00	0.00	0.00	0.00	0.00	0.00	11.76	0.00	0.00	0.00	0.00	0.00	10.00	0.00	0.00	0.00	0.00	0.00	0.00	0.00	96.24
47	0.00	0.00	0.00	37.50	0.00	0.00	10.00	20.00	0.00	0.00	0.00	0.00	0.00	0.00	0.00	0.00	0.00	0.00	4.00	0.00	2.94	11.76	0.00	14.71	4.00	0.00	0.00	0.00	0.00	0.00	0.00	0.00	0.00	0.00	0.00	0.00	0.00	0.00	0.00	0.00	0.00	0.00	5.88	0.00	0.00	0.00	35.29	0.00	0.00	0.00	0.00	0.00	0.00	0.00	0.00	0.00	0.00	0.00	0.00	0.00	96.36
47	0.00	0.00	10.00	25.00	0.00	0.00	10.00	0.00	0.00	0.00	10.00	0.00	0.00	0.00	0.00	0.00	0.00	0.00	4.00	0.00	2.94	14.71	0.00	14.71	0.00	0.00	0.00	0.00	0.00	0.00	0.00	0.00	0.00	0.00	0.00	5.26	0.00	7.14	0.00	0.00	0.00	0.00	0.00	0.00	0.00	0.00	23.53	0.00	0.00	0.00	0.00	0.00	0.00	0.00	0.00	0.00	0.00	9.09	0.00	0.00	96.00
47	20.00	0.00	20.00	75.00	0.00	0.00	20.00	60.00	0.00	10.00	30.00	20.00	0.00	0.00	40.00	0.00	10.00	0.00	28.00	40.63	11.76	29.41	12.50	38.24	12.00	5.00	8.00	8.70	5.26	5.56	25.00	0.00	0.00	0.00	13.33	26.32	25.00	0.00	12.50	5.00	0.00	0.00	5.88	0.00	20.00	0.00	76.47	0.00	7.69	28.57	12.50	0.00	0.00	9.09	0.00	0.00	0.00	9.09	0.00	0.00	85.94
48	0.00	0.00	30.00	50.00	0.00	0.00	0.00	20.00	0.00	10.00	10.00	0.00	0.00	0.00	10.00	0.00	10.00	0.00	20.00	25.00	8.82	26.47	8.33	11.76	8.00	5.00	0.00	8.70	5.26	5.56	0.00	0.00	0.00	0.00	6.67	10.53	25.00	0.00	0.00	5.00	0.00	0.00	0.00	0.00	0.00	0.00	47.06	0.00	0.00	0.00	0.00	0.00	0.00	0.00	0.00	0.00	0.00	0.00	0.00	0.00	90.91
48	0.00	0.00	20.00	37.50	0.00	0.00	10.00	20.00	0.00	0.00	10.00	10.00	10.00	0.00	0.00	0.00	0.00	0.00	32.00	53.13	61.76	58.82	50.00	17.65	32.00	10.00	8.00	52.17	10.53	11.11	16.67	0.00	0.00	0.00	13.33	5.26	0.00	7.14	0.00	0.00	0.00	0.00	0.00	0.00	0.00	9.09	5.88	44.44	0.00	14.29	0.00	0.00	0.00	0.00	0.00	0.00	0.00	9.09	0.00	0.00	83.27
48	0.00	0.00	20.00	25.00	14.29	10.00	20.00	0.00	0.00	0.00	10.00	0.00	0.00	0.00	0.00	0.00	0.00	0.00	20.00	53.13	47.06	38.24	41.67	20.59	20.00	25.00	4.00	43.48	15.79	11.11	8.33	0.00	12.50	5.88	0.00	5.26	0.00	7.14	0.00	0.00	0.00	0.00	5.88	0.00	0.00	9.09	0.00	55.56	7.69	0.00	0.00	0.00	0.00	0.00	0.00	0.00	0.00	0.00	0.00	0.00	86.06
48	0.00	0.00	50.00	75.00	0.00	30.00	90.00	50.00	11.11	0.00	0.00	0.00	0.00	0.00	0.00	0.00	10.00	0.00	44.00	59.38	73.53	29.41	50.00	5.88	56.00	40.00	20.00	47.83	26.32	22.22	0.00	0.00	0.00	5.88	0.00	0.00	0.00	0.00	0.00	5.00	0.00	11.11	5.88	5.26	0.00	0.00	0.00	22.22	0.00	14.29	0.00	0.00	0.00	0.00	10.00	0.00	0.00	9.09	0.00	0.00	79.27
49	0.00	12.50	30.00	87.50	28.57	40.00	80.00	40.00	0.00	40.00	50.00	80.00	50.00	0.00	80.00	90.00	10.00	0.00	60.00	93.75	32.35	29.41	45.83	52.94	56.00	55.00	48.00	26.09	31.58	22.22	50.00	75.00	25.00	58.82	26.67	31.58	33.33	28.57	25.00	35.00	25.00	22.22	17.65	36.84	20.00	0.00	23.53	0.00	53.85	0.00	25.00	0.00	70.00	27.27	0.00	33.33	33.33	9.09	12.50	25.00	61.45
49	0.00	0.00	0.00	0.00	0.00	0.00	0.00	0.00	0.00	0.00	10.00	0.00	0.00	0.00	10.00	30.00	0.00	0.00	8.00	21.88	2.94	5.88	4.17	26.47	4.00	0.00	8.00	0.00	0.00	0.00	0.00	0.00	0.00	5.88	0.00	10.53	0.00	0.00	0.00	0.00	0.00	0.00	0.00	0.00	0.00	9.09	0.00	0.00	15.38	0.00	0.00	0.00	0.00	0.00	0.00	0.00	0.00	0.00	0.00	0.00	94.55
49	10.00	0.00	10.00	87.50	42.86	0.00	0.00	20.00	11.11	30.00	20.00	10.00	0.00	0.00	0.00	40.00	10.00	0.00	40.00	65.63	26.47	38.24	70.83	67.65	32.00	10.00	12.00	13.04	26.32	22.22	25.00	8.33	0.00	23.53	13.33	26.32	8.33	7.14	0.00	5.00	0.00	0.00	5.88	10.53	20.00	45.45	17.65	11.11	61.54	0.00	50.00	25.00	30.00	9.09	0.00	16.67	0.00	0.00	0.00	0.00	76.85
49	0.00	0.00	60.00	75.00	57.14	0.00	70.00	40.00	0.00	0.00	60.00	70.00	30.00	0.00	0.00	60.00	20.00	0.00	84.00	84.38	44.12	58.82	50.00	23.53	48.00	40.00	12.00	8.70	21.05	16.67	8.33	0.00	12.50	17.65	6.67	21.05	0.00	7.14	0.00	5.00	0.00	33.33	23.53	10.53	0.00	27.27	0.00	11.11	84.62	28.57	12.50	0.00	10.00	9.09	20.00	8.33	16.67	9.09	0.00	0.00	72.97
50	0.00	37.50	30.00	37.50	85.71	20.00	100.00	0.00	22.22	90.00	50.00	10.00	50.00	0.00	0.00	70.00	10.00	0.00	68.00	50.00	38.24	44.12	16.67	20.59	28.00	20.00	12.00	13.04	31.58	33.33	0.00	0.00	12.50	0.00	6.67	5.26	8.33	0.00	0.00	0.00	0.00	33.33	0.00	0.00	0.00	9.09	0.00	22.22	53.85	14.29	0.00	0.00	0.00	0.00	0.00	0.00	0.00	9.09	0.00	0.00	77.94
50	0.00	25.00	10.00	75.00	0.00	0.00	40.00	10.00	0.00	0.00	40.00	0.00	0.00	0.00	0.00	0.00	0.00	0.00	8.00	21.88	2.94	2.94	4.17	11.76	4.00	0.00	0.00	4.35	5.26	5.56	16.67	0.00	0.00	0.00	6.67	10.53	0.00	0.00	0.00	0.00	0.00	0.00	0.00	0.00	0.00	9.09	11.76	0.00	7.69	0.00	0.00	0.00	0.00	0.00	0.00	0.00	0.00	0.00	0.00	0.00	93.45
50	0.00	25.00	0.00	12.50	14.29	0.00	70.00	30.00	0.00	0.00	0.00	0.00	0.00	10.00	10.00	10.00	20.00	0.00	12.00	21.88	14.71	5.88	4.17	29.41	12.00	15.00	4.00	4.35	0.00	5.56	16.67	0.00	0.00	5.88	13.33	10.53	16.67	0.00	12.50	0.00	25.00	0.00	0.00	0.00	0.00	0.00	0.00	0.00	0.00	14.29	0.00	0.00	0.00	0.00	10.00	0.00	0.00	0.00	0.00	0.00	90.91
50	0.00	0.00	0.00	0.00	0.00	0.00	0.00	20.00	0.00	0.00	10.00	50.00	0.00	0.00	10.00	20.00	30.00	0.00	32.00	40.63	23.53	5.88	12.50	23.53	24.00	25.00	12.00	0.00	10.53	5.56	50.00	0.00	0.00	11.76	6.67	31.58	8.33	0.00	25.00	0.00	0.00	0.00	0.00	0.00	0.00	0.00	0.00	0.00	0.00	14.29	0.00	25.00	10.00	0.00	0.00	0.00	0.00	0.00	0.00	0.00	88.00
51	10.00	12.50	40.00	37.50	28.57	0.00	70.00	20.00	11.11	0.00	20.00	0.00	0.00	20.00	50.00	60.00	30.00	0.00	32.00	56.25	55.88	52.94	29.17	76.47	32.00	65.00	24.00	21.74	15.79	5.56	41.67	16.67	0.00	23.53	26.67	36.84	50.00	0.00	25.00	20.00	25.00	11.11	23.53	5.26	60.00	9.09	11.76	11.11	7.69	28.57	0.00	0.00	20.00	18.18	0.00	16.67	0.00	18.18	12.50	25.00	70.67
51	0.00	0.00	50.00	25.00	14.29	10.00	40.00	30.00	0.00	0.00	10.00	0.00	10.00	10.00	0.00	40.00	10.00	0.00	12.00	37.50	26.47	26.47	62.50	17.65	24.00	25.00	8.00	8.70	36.84	5.56	8.33	8.33	0.00	11.76	0.00	15.79	0.00	0.00	0.00	5.00	0.00	0.00	5.88	10.53	0.00	0.00	0.00	0.00	0.00	0.00	75.00	0.00	0.00	18.18	0.00	8.33	0.00	0.00	0.00	0.00	85.82
51	0.00	0.00	20.00	25.00	28.57	10.00	60.00	30.00	0.00	0.00	0.00	0.00	0.00	0.00	0.00	0.00	0.00	0.00	12.00	28.13	11.76	41.18	25.00	11.76	20.00	15.00	4.00	8.70	10.53	0.00	0.00	0.00	0.00	0.00	0.00	5.26	0.00	0.00	0.00	0.00	0.00	0.00	0.00	5.26	0.00	9.09	0.00	0.00	7.69	0.00	0.00	0.00	0.00	0.00	0.00	8.33	0.00	0.00	0.00	0.00	90.06
51	0.00	0.00	30.00	25.00	71.43	60.00	100.00	70.00	44.44	20.00	30.00	100.00	0.00	20.00	20.00	0.00	10.00	0.00	52.00	56.25	47.06	17.65	45.83	41.18	32.00	35.00	36.00	21.74	26.32	16.67	25.00	0.00	25.00	47.06	13.33	42.11	8.33	0.00	0.00	5.00	0.00	0.00	5.88	15.79	0.00	0.00	0.00	0.00	7.69	0.00	25.00	0.00	0.00	0.00	10.00	16.67	0.00	18.18	0.00	0.00	74.18
52	0.00	0.00	40.00	37.50	42.86	70.00	60.00	20.00	22.22	70.00	20.00	50.00	20.00	20.00	10.00	50.00	10.00	20.00	52.00	78.13	70.59	35.29	58.33	17.65	76.00	60.00	52.00	34.78	42.11	44.44	16.67	16.67	0.00	0.00	6.67	0.00	0.00	0.00	0.00	0.00	0.00	44.44	0.00	5.26	0.00	18.18	5.88	33.33	7.69	100.00	0.00	0.00	10.00	0.00	30.00	25.00	16.67	18.18	0.00	0.00	69.21
52	0.00	0.00	0.00	0.00	0.00	10.00	0.00	0.00	0.00	0.00	0.00	0.00	0.00	0.00	0.00	0.00	0.00	0.00	4.00	25.00	5.88	5.88	25.00	2.94	8.00	15.00	16.00	0.00	15.79	0.00	0.00	0.00	0.00	5.88	0.00	0.00	0.00	0.00	0.00	0.00	0.00	0.00	0.00	0.00	0.00	9.09	0.00	11.11	0.00	0.00	0.00	0.00	0.00	0.00	0.00	0.00	0.00	0.00	0.00	0.00	95.15
52	0.00	0.00	0.00	0.00	0.00	0.00	0.00	70.00	0.00	0.00	60.00	0.00	0.00	0.00	0.00	10.00	0.00	0.00	36.00	28.13	50.00	29.41	25.00	0.00	32.00	15.00	16.00	13.04	26.32	16.67	0.00	0.00	0.00	5.88	0.00	0.00	0.00	0.00	0.00	0.00	0.00	0.00	0.00	0.00	0.00	0.00	0.00	0.00	0.00	0.00	0.00	100.00	0.00	0.00	0.00	0.00	0.00	0.00	0.00	0.00	88.85
52	0.00	0.00	0.00	0.00	42.86	10.00	40.00	0.00	11.11	0.00	0.00	0.00	0.00	0.00	10.00	10.00	0.00	0.00	12.00	37.50	23.53	47.06	33.33	14.71	16.00	10.00	4.00	13.04	21.05	11.11	0.00	0.00	0.00	11.76	0.00	10.53	0.00	0.00	0.00	0.00	0.00	0.00	0.00	0.00	0.00	18.18	5.88	22.22	7.69	14.29	0.00	0.00	0.00	0.00	0.00	0.00	0.00	0.00	0.00	0.00	88.61
53	0.00	12.50	80.00	75.00	0.00	0.00	0.00	100.00	0.00	0.00	70.00	90.00	0.00	0.00	0.00	20.00	0.00	0.00	40.00	56.25	20.59	14.71	25.00	52.94	24.00	20.00	44.00	0.00	15.79	0.00	16.67	25.00	0.00	47.06	33.33	21.05	0.00	7.14	37.50	5.00	50.00	11.11	0.00	21.05	0.00	0.00	35.29	0.00	15.38	14.29	0.00	25.00	80.00	36.36	10.00	8.33	0.00	9.09	0.00	12.50	77.33
53	0.00	0.00	0.00	0.00	0.00	0.00	0.00	0.00	0.00	0.00	0.00	0.00	0.00	0.00	0.00	0.00	0.00	0.00	4.00	9.38	5.88	8.82	0.00	0.00	8.00	5.00	0.00	4.35	0.00	5.56	0.00	0.00	0.00	0.00	0.00	0.00	0.00	0.00	0.00	0.00	0.00	0.00	0.00	0.00	0.00	0.00	0.00	0.00	0.00	0.00	0.00	0.00	0.00	0.00	0.00	0.00	0.00	0.00	0.00	0.00	97.09
53	30.00	62.50	30.00	75.00	14.29	10.00	20.00	100.00	33.33	30.00	60.00	90.00	60.00	40.00	10.00	60.00	10.00	0.00	64.00	68.75	58.82	61.76	33.33	70.59	56.00	35.00	68.00	8.70	42.11	11.11	33.33	33.33	0.00	52.94	66.67	36.84	16.67	0.00	25.00	0.00	12.50	0.00	17.65	15.79	40.00	0.00	47.06	11.11	38.46	0.00	25.00	50.00	90.00	36.36	20.00	0.00	33.33	9.09	12.50	12.50	62.67
53	0.00	0.00	0.00	12.50	0.00	10.00	10.00	50.00	0.00	0.00	10.00	20.00	0.00	0.00	0.00	10.00	10.00	0.00	12.00	34.38	11.76	17.65	20.83	5.88	8.00	5.00	0.00	4.35	21.05	0.00	0.00	0.00	0.00	11.76	0.00	10.53	0.00	0.00	0.00	0.00	0.00	0.00	11.76	0.00	0.00	0.00	0.00	0.00	0.00	0.00	0.00	0.00	10.00	0.00	0.00	0.00	0.00	0.00	0.00	0.00	91.88
54	0.00	0.00	20.00	12.50	0.00	0.00	0.00	40.00	0.00	0.00	10.00	60.00	0.00	0.00	10.00	10.00	0.00	0.00	16.00	21.88	17.65	2.94	33.33	29.41	16.00	15.00	16.00	4.35	10.53	5.56	0.00	16.67	0.00	0.00	6.67	10.53	0.00	0.00	0.00	0.00	12.50	0.00	5.88	42.11	0.00	0.00	0.00	0.00	0.00	0.00	0.00	25.00	30.00	90.91	0.00	8.33	16.67	0.00	0.00	12.50	89.09
54	10.00	0.00	30.00	12.50	57.14	60.00	50.00	20.00	0.00	10.00	80.00	40.00	40.00	10.00	0.00	80.00	70.00	30.00	48.00	93.75	82.35	61.76	58.33	44.12	72.00	30.00	44.00	39.13	68.42	44.44	0.00	50.00	25.00	11.76	13.33	10.53	16.67	21.43	0.00	10.00	25.00	0.00	17.65	26.32	0.00	9.09	5.88	11.11	15.38	14.29	37.50	25.00	40.00	45.45	20.00	16.67	0.00	0.00	0.00	12.50	63.76
54	0.00	87.50	70.00	62.50	28.57	20.00	100.00	70.00	33.33	50.00	20.00	90.00	20.00	0.00	10.00	70.00	10.00	0.00	68.00	62.50	35.29	20.59	25.00	41.18	40.00	55.00	72.00	21.74	10.53	11.11	16.67	25.00	0.00	35.29	33.33	5.26	16.67	0.00	0.00	5.00	12.50	44.44	5.88	15.79	20.00	0.00	5.88	0.00	15.38	14.29	12.50	0.00	10.00	45.45	30.00	25.00	16.67	0.00	0.00	0.00	70.55
54	0.00	0.00	0.00	37.50	0.00	0.00	70.00	20.00	0.00	0.00	20.00	60.00	0.00	0.00	0.00	40.00	0.00	0.00	28.00	15.63	5.88	29.41	16.67	8.82	12.00	20.00	12.00	4.35	0.00	0.00	0.00	0.00	0.00	5.88	13.33	0.00	0.00	0.00	0.00	0.00	12.50	0.00	0.00	0.00	0.00	0.00	5.88	0.00	0.00	0.00	0.00	0.00	20.00	63.64	10.00	0.00	0.00	0.00	0.00	0.00	90.55
55	0.00	0.00	0.00	0.00	0.00	0.00	20.00	0.00	0.00	20.00	0.00	0.00	0.00	0.00	0.00	0.00	0.00	0.00	24.00	25.00	32.35	20.59	16.67	0.00	16.00	5.00	4.00	4.35	5.26	0.00	0.00	0.00	0.00	0.00	0.00	0.00	0.00	0.00	0.00	0.00	0.00	11.11	0.00	0.00	0.00	0.00	0.00	0.00	0.00	0.00	0.00	0.00	0.00	0.00	30.00	0.00	0.00	0.00	0.00	0.00	93.21
55	0.00	12.50	0.00	12.50	0.00	10.00	40.00	70.00	0.00	20.00	10.00	20.00	0.00	0.00	0.00	10.00	10.00	0.00	56.00	28.13	67.65	61.76	12.50	17.65	24.00	20.00	16.00	17.39	15.79	11.11	8.33	0.00	0.00	5.88	6.67	0.00	0.00	0.00	0.00	0.00	0.00	0.00	0.00	0.00	0.00	9.09	0.00	22.22	0.00	0.00	0.00	0.00	20.00	0.00	80.00	8.33	0.00	9.09	0.00	0.00	84.00
55	10.00	0.00	20.00	0.00	0.00	0.00	0.00	0.00	0.00	0.00	0.00	0.00	0.00	10.00	0.00	10.00	10.00	0.00	20.00	37.50	50.00	26.47	29.17	23.53	24.00	10.00	16.00	21.74	36.84	0.00	0.00	0.00	0.00	0.00	6.67	5.26	0.00	0.00	12.50	0.00	0.00	0.00	5.88	0.00	0.00	0.00	0.00	33.33	7.69	0.00	0.00	0.00	0.00	0.00	10.00	0.00	0.00	9.09	0.00	0.00	87.15
55	0.00	0.00	0.00	12.50	0.00	10.00	0.00	40.00	0.00	10.00	0.00	50.00	0.00	0.00	0.00	0.00	0.00	0.00	40.00	40.63	47.06	23.53	16.67	8.82	40.00	25.00	24.00	34.78	21.05	27.78	8.33	0.00	0.00	0.00	0.00	0.00	0.00	7.14	0.00	0.00	0.00	0.00	0.00	5.26	0.00	0.00	0.00	11.11	0.00	0.00	0.00	0.00	10.00	0.00	70.00	0.00	0.00	0.00	0.00	0.00	86.42
56	0.00	0.00	50.00	25.00	42.86	80.00	100.00	20.00	33.33	70.00	10.00	0.00	0.00	0.00	0.00	50.00	40.00	10.00	60.00	65.63	82.35	61.76	41.67	29.41	52.00	80.00	32.00	39.13	52.63	55.56	33.33	0.00	0.00	23.53	13.33	5.26	8.33	0.00	0.00	0.00	0.00	22.22	5.88	5.26	0.00	45.45	0.00	22.22	0.00	14.29	0.00	0.00	10.00	0.00	30.00	33.33	33.33	18.18	0.00	0.00	68.24
56	0.00	0.00	30.00	25.00	0.00	0.00	100.00	0.00	0.00	10.00	0.00	0.00	0.00	0.00	0.00	30.00	0.00	0.00	40.00	53.13	44.12	20.59	37.50	0.00	32.00	40.00	20.00	21.74	15.79	27.78	8.33	0.00	0.00	0.00	6.67	5.26	0.00	0.00	0.00	0.00	0.00	0.00	0.00	0.00	0.00	0.00	0.00	0.00	7.69	14.29	0.00	0.00	0.00	0.00	10.00	0.00	0.00	0.00	0.00	0.00	84.36
56	0.00	0.00	0.00	0.00	0.00	0.00	0.00	0.00	0.00	0.00	0.00	0.00	0.00	0.00	0.00	0.00	0.00	0.00	0.00	3.13	0.00	2.94	4.17	0.00	0.00	0.00	0.00	0.00	0.00	0.00	0.00	0.00	0.00	0.00	0.00	0.00	0.00	0.00	0.00	5.00	0.00	0.00	5.88	0.00	0.00	0.00	0.00	0.00	0.00	0.00	0.00	0.00	0.00	0.00	0.00	16.67	0.00	9.09	0.00	0.00	98.06
56	0.00	0.00	10.00	25.00	0.00	10.00	70.00	0.00	0.00	0.00	0.00	0.00	0.00	0.00	0.00	10.00	0.00	0.00	4.00	18.75	11.76	2.94	12.50	2.94	12.00	20.00	4.00	4.35	5.26	0.00	0.00	0.00	0.00	0.00	0.00	10.53	8.33	0.00	0.00	0.00	12.50	0.00	0.00	0.00	0.00	18.18	0.00	0.00	0.00	14.29	0.00	0.00	0.00	0.00	0.00	0.00	0.00	0.00	0.00	0.00	93.09
57	20.00	0.00	20.00	50.00	0.00	0.00	0.00	50.00	0.00	0.00	80.00	40.00	0.00	0.00	0.00	40.00	10.00	0.00	48.00	40.63	11.76	14.71	20.83	29.41	28.00	15.00	12.00	0.00	5.26	11.11	8.33	25.00	0.00	5.88	0.00	36.84	0.00	14.29	0.00	5.00	12.50	0.00	23.53	10.53	0.00	0.00	23.53	0.00	30.77	14.29	25.00	0.00	30.00	0.00	0.00	8.33	66.67	9.09	25.00	12.50	83.27
57	0.00	12.50	40.00	87.50	28.57	20.00	40.00	90.00	11.11	0.00	10.00	10.00	10.00	10.00	10.00	20.00	30.00	0.00	56.00	90.63	67.65	47.06	50.00	47.06	64.00	50.00	8.00	43.48	52.63	50.00	16.67	8.33	12.50	23.53	6.67	15.79	8.33	0.00	12.50	5.00	0.00	0.00	23.53	10.53	0.00	36.36	0.00	11.11	7.69	14.29	25.00	0.00	10.00	18.18	20.00	41.67	50.00	18.18	0.00	12.50	69.33
57	0.00	37.50	10.00	12.50	0.00	90.00	30.00	10.00	0.00	60.00	10.00	0.00	0.00	0.00	0.00	0.00	0.00	0.00	68.00	93.75	88.24	50.00	62.50	14.71	68.00	35.00	20.00	43.48	78.95	61.11	8.33	8.33	0.00	0.00	6.67	5.26	0.00	28.57	0.00	15.00	12.50	11.11	23.53	0.00	0.00	18.18	0.00	66.67	23.08	57.14	0.00	0.00	20.00	18.18	20.00	50.00	0.00	27.27	0.00	12.50	68.73
58	0.00	0.00	10.00	75.00	0.00	0.00	0.00	10.00	0.00	0.00	0.00	0.00	0.00	0.00	0.00	0.00	0.00	0.00	24.00	31.25	20.59	5.88	4.17	0.00	16.00	0.00	8.00	8.70	0.00	16.67	0.00	0.00	0.00	0.00	0.00	0.00	0.00	7.14	0.00	20.00	0.00	0.00	11.76	0.00	0.00	0.00	0.00	0.00	0.00	0.00	12.50	0.00	0.00	0.00	0.00	8.33	0.00	72.73	0.00	0.00	93.09
58	20.00	0.00	30.00	62.50	0.00	0.00	60.00	60.00	0.00	0.00	0.00	10.00	0.00	0.00	0.00	20.00	0.00	0.00	48.00	37.50	41.18	23.53	20.83	17.65	12.00	30.00	4.00	34.78	31.58	33.33	0.00	0.00	0.00	0.00	6.67	0.00	0.00	0.00	0.00	0.00	0.00	11.11	5.88	0.00	0.00	0.00	0.00	0.00	0.00	0.00	0.00	0.00	0.00	0.00	0.00	0.00	0.00	72.73	0.00	0.00	85.70
58	30.00	0.00	50.00	87.50	0.00	0.00	50.00	60.00	0.00	20.00	20.00	0.00	10.00	50.00	20.00	30.00	30.00	0.00	88.00	87.50	82.35	50.00	83.33	47.06	60.00	65.00	32.00	43.48	42.11	55.56	16.67	16.67	12.50	29.41	20.00	21.05	0.00	50.00	25.00	25.00	0.00	11.11	35.29	0.00	20.00	18.18	11.76	33.33	7.69	14.29	50.00	25.00	50.00	9.09	40.00	50.00	66.67	100.00	37.50	12.50	61.70
59	0.00	37.50	0.00	25.00	0.00	0.00	0.00	0.00	11.11	0.00	10.00	0.00	0.00	0.00	0.00	0.00	0.00	0.00	4.00	9.38	0.00	20.59	4.17	32.35	4.00	0.00	0.00	0.00	5.26	0.00	0.00	8.33	0.00	5.88	6.67	10.53	0.00	28.57	0.00	0.00	0.00	0.00	11.76	0.00	20.00	0.00	0.00	0.00	0.00	14.29	0.00	0.00	0.00	0.00	0.00	0.00	0.00	0.00	0.00	0.00	93.58
59	0.00	0.00	0.00	0.00	0.00	0.00	0.00	0.00	0.00	0.00	0.00	0.00	0.00	0.00	0.00	0.00	0.00	0.00	0.00	3.13	0.00	5.88	0.00	0.00	0.00	0.00	0.00	0.00	0.00	0.00	0.00	0.00	0.00	0.00	0.00	0.00	0.00	0.00	0.00	0.00	0.00	0.00	0.00	0.00	0.00	0.00	0.00	0.00	0.00	0.00	0.00	0.00	0.00	0.00	0.00	0.00	0.00	0.00	0.00	0.00	98.67
59	0.00	0.00	10.00	25.00	0.00	0.00	20.00	0.00	0.00	0.00	0.00	0.00	0.00	0.00	0.00	10.00	20.00	0.00	12.00	6.25	2.94	0.00	4.17	8.82	4.00	0.00	0.00	0.00	5.26	5.56	0.00	0.00	0.00	0.00	0.00	0.00	0.00	0.00	0.00	0.00	0.00	0.00	5.88	0.00	0.00	0.00	0.00	0.00	0.00	0.00	0.00	0.00	0.00	0.00	0.00	0.00	0.00	0.00	25.00	0.00	96.61
59	0.00	12.50	0.00	25.00	0.00	0.00	20.00	0.00	22.22	0.00	10.00	0.00	0.00	0.00	0.00	0.00	0.00	0.00	4.00	0.00	2.94	2.94	0.00	11.76	8.00	0.00	0.00	0.00	0.00	0.00	0.00	0.00	0.00	5.88	0.00	5.26	0.00	0.00	0.00	0.00	0.00	0.00	11.76	0.00	0.00	0.00	0.00	0.00	0.00	0.00	0.00	0.00	0.00	0.00	0.00	0.00	0.00	0.00	12.50	0.00	96.61
59	0.00	50.00	0.00	12.50	0.00	0.00	0.00	20.00	0.00	0.00	10.00	0.00	0.00	10.00	0.00	0.00	30.00	0.00	12.00	43.75	64.71	67.65	45.83	26.47	28.00	15.00	4.00	21.74	47.37	33.33	8.33	0.00	0.00	0.00	0.00	10.53	0.00	7.14	0.00	0.00	0.00	0.00	11.76	0.00	0.00	0.00	5.88	0.00	0.00	0.00	0.00	0.00	0.00	0.00	0.00	0.00	0.00	9.09	0.00	0.00	82.91
59	0.00	50.00	0.00	12.50	14.29	10.00	0.00	10.00	0.00	10.00	10.00	0.00	0.00	10.00	10.00	10.00	0.00	0.00	4.00	21.88	61.76	64.71	33.33	26.47	28.00	10.00	0.00	8.70	31.58	38.89	8.33	0.00	0.00	0.00	0.00	0.00	0.00	7.14	0.00	5.00	0.00	0.00	11.76	0.00	0.00	0.00	5.88	0.00	0.00	0.00	0.00	0.00	0.00	0.00	0.00	0.00	0.00	9.09	12.50	0.00	85.58
60	0.00	0.00	20.00	37.50	0.00	10.00	10.00	60.00	0.00	0.00	0.00	0.00	0.00	0.00	0.00	0.00	0.00	10.00	16.00	40.63	20.59	23.53	33.33	14.71	24.00	5.00	8.00	8.70	5.26	0.00	8.33	8.33	0.00	5.88	13.33	15.79	8.33	0.00	0.00	10.00	0.00	0.00	11.76	5.26	0.00	0.00	0.00	11.11	0.00	0.00	12.50	0.00	0.00	0.00	0.00	0.00	0.00	0.00	0.00	25.00	88.73
60	0.00	0.00	0.00	25.00	0.00	0.00	10.00	0.00	0.00	0.00	0.00	0.00	0.00	0.00	0.00	0.00	0.00	0.00	16.00	9.38	8.82	8.82	8.33	8.82	12.00	0.00	0.00	4.35	5.26	5.56	0.00	8.33	0.00	0.00	0.00	0.00	0.00	14.29	0.00	0.00	0.00	0.00	5.88	0.00	0.00	0.00	0.00	0.00	0.00	0.00	0.00	0.00	0.00	0.00	0.00	0.00	0.00	0.00	0.00	12.50	95.39
60	0.00	0.00	0.00	12.50	0.00	0.00	0.00	0.00	0.00	0.00	0.00	0.00	0.00	0.00	0.00	20.00	0.00	0.00	4.00	3.13	0.00	2.94	0.00	5.88	4.00	5.00	0.00	0.00	0.00	0.00	8.33	0.00	0.00	17.65	13.33	0.00	0.00	0.00	0.00	0.00	0.00	0.00	5.88	0.00	0.00	0.00	0.00	0.00	0.00	0.00	12.50	0.00	0.00	0.00	0.00	0.00	0.00	0.00	0.00	12.50	96.97
60	0.00	0.00	0.00	12.50	0.00	0.00	0.00	0.00	0.00	0.00	0.00	0.00	0.00	0.00	0.00	0.00	0.00	0.00	4.00	6.25	2.94	8.82	4.17	5.88	4.00	0.00	0.00	8.70	5.26	0.00	0.00	8.33	12.50	5.88	6.67	0.00	0.00	7.14	0.00	0.00	0.00	0.00	11.76	0.00	0.00	0.00	0.00	0.00	0.00	0.00	0.00	0.00	0.00	0.00	0.00	0.00	0.00	0.00	0.00	37.50	96.73
60	0.00	0.00	10.00	25.00	0.00	0.00	0.00	0.00	0.00	0.00	0.00	0.00	0.00	0.00	0.00	10.00	0.00	0.00	4.00	9.38	5.88	17.65	4.17	14.71	4.00	0.00	0.00	4.35	5.26	5.56	0.00	8.33	25.00	17.65	6.67	0.00	0.00	14.29	0.00	0.00	0.00	0.00	11.76	0.00	0.00	0.00	0.00	0.00	0.00	0.00	0.00	0.00	0.00	0.00	0.00	0.00	0.00	0.00	0.00	37.50	94.91
