-4.7734
-4.47281
-4.08554
-4.88186
-4.05
-5.01619
-4.29865
-3.97901
-4.45706
-4.37189
-5.25655
-4.31247
-4.67701
-4.80207
-4.68177
-4.16261
-4.23345
-5.1094
-4.93871
-4.88888
-4.75871
-4.30679
-5.41957
-4.92776
-4.38281
-4.23648
-5.15392
-4.75622
-4.35004
-4.35661
-4.07555
-4.99113
-4.43869
-4.95105
-4.3154
-4.73732
-3.80432
-4.39702
-4.63155
-4.70805
-4.41203
-5.0977
-4.70497
-4.7282
-4.62342
-4.50378
-4.1961
-5.0582
-4.85378
-4.73329
-4.91161
-4.60351
-4.89112
-5.237
-4.75513
-4.8111
-4.50663
-4.73161
-4.84462
-4.4289
-4.33959
-4.70378
-4.87014
-4.30533
-4.43855
-4.34724
-4.47978
-5.11978
-4.35258
-5.06673
-4.99085
-5.32053
-4.64275
-4.26156
-4.20189
-4.24696
-3.74996
-4.63067
-4.02417
-4.76663
-5.01634
-4.54853
-4.00377
-4.65614
-4.75294
-4.19381
-4.81096
-4.67416
-4.81456
-5.67696
-4.86985
-4.75743
-4.58347
-4.74241
-4.64591
-4.6839
-4.41923
-4.89088
-4.97077
-4.58379
-5.07734
-4.89484
-5.61397
-4.42805
-3.61829
-5.12148
-4.53462
-5.17887
-4.93092
-4.71401
-4.32323
-4.18701
-4.46085
-5.26463
-5.16823
-5.12763
-4.92395
-4.76307
-4.79938
-3.8214
-4.85325
-4.63093
-4.01494
-4.23036
-4.07225
-3.66157
-3.94668
-4.45226
-4.34037
-4.76758
-4.45155
-4.47907
-4.10309
-4.79237
-5.03917
-4.85614
-4.31422
-4.03353
-4.62577
-4.97564
-4.49496
-4.91864
-4.27331
-5.03555
-4.79034
-4.7683
-4.49034
-4.45199
-4.43946
-4.90077
-4.59915
-5.03117
-4.77976
-4.54268
-4.93389
-4.72426
-3.40728
-4.70822
-3.79993
-4.88952
-4.0293
-4.87326
-4.42472
-4.87002
-4.26324
-4.13355
-4.73453
-4.93564
-4.2346
-5.45428
-4.897
-5.03834
-4.81058
-3.98462
-4.40139
-4.26683
-5.14702
-4.40741
-4.27849
-4.23835
-4.04473
-4.97363
-3.71082
-5.53643
-4.68499
-4.50218
-4.74827
-4.60409
-4.00808
-4.23142
-3.73463
-4.21832
-4.85367
-4.75196
-4.55634
-3.5707
-5.13876
-5.12375
-4.92085
-4.44725
-4.36231
-4.35371
-4.269
-4.02184
-4.06179
-4.72414
-5.21034
-4.84452
-4.32131
-4.88008
-4.50033
-4.67984
-4.45141
-4.37994
-4.34503
-4.10063
-4.70933
-4.30363
-4.6155
-5.03895
-4.97343
-5.11186
-4.6312
-4.93618
-4.98115
-4.25876
-4.33912
-4.47281
-4.61687
-4.68342
-5.18729
-4.39473
-4.54986
-4.04227
-4.15808
-4.26218
-4.62636
-5.16503
-5.19794
-4.43826
-4.96422
-4.43347
-3.46086
-3.54443
-4.97908
-5.23474
-4.15421
-5.26919
-4.88533
-4.54799
-4.52402
-4.72072
-5.04493
-3.83567
-4.63755
-4.40569
-4.31833
-4.16011
-3.98131
-4.17054
-4.20664
-4.68119
-4.90182
-4.62947
-4.25123
-4.92512
-4.71358
-4.67773
-4.64327
-5.12344
-3.75006
-4.77682
-4.9905
-4.28731
-5.37451
-5.50851
-4.43147
-4.05468
-4.40987
-4.80777
-4.67127
-4.51386
-3.98141
-4.68395
-4.16437
-4.43358
-4.79324
-5.04258
-4.95593
-4.54698
-4.55159
-4.90334
-4.63944
-4.01366
-5.19225
-4.64266
-4.90849
-4.59439
-5.16477
-4.48662
-4.16325
-4.83846
-5.04149
-5.23668
-4.97427
-3.60303
-4.72165
-4.70385
-4.86398
-4.33549
-5.11941
-4.31235
-4.85794
-4.80484
-3.93396
-4.22061
-3.34777
-4.82538
-3.62626
-4.13787
-4.83084
-4.26914
-4.71886
-4.49911
-5.10255
-4.20395
-4.55136
-4.57521
-4.87417
-4.82458
-4.60612
-4.07734
-4.58172
-4.51322
-4.49692
-4.56201
-4.50656
-4.95864
-3.41143
-4.40381
-4.70997
-4.95999
-4.17795
-4.70813
-4.12823
-4.3729
-4.18706
-4.17586
-4.54062
-4.53154
-4.19026
-4.81724
-4.2518
-4.31803
-4.64957
-4.75886
-4.44931
-4.45806
-4.57713
-4.88014
-4.81973
-4.02435
-5.06619
-4.94354
-4.33777
-4.63954
-4.92128
-4.52982
-4.34835
-4.75431
-3.90592
-5.07308
-4.06798
-4.33807
-4.50759
-4.75742
-4.44145
-4.77431
-4.68443
-4.28664
-3.71876
-4.5854
-4.54395
-4.39532
-4.00955
-4.83038
-4.05094
-4.50798
-5.402
-4.99678
-4.34215
-4.70222
-4.70122
-5.01383
-5.08789
-4.72651
-4.60147
-4.92246
-5.47373
-5.00412
-4.36435
-3.97096
-4.84895
-5.07119
-4.95634
-4.86308
-4.53727
-5.15818
-4.81238
-3.98995
-4.71697
-4.86548
-4.15263
-4.68779
-4.64865
-4.20489
-4.61909
-4.81353
-5.05706
-5.24881
-4.97807
-4.40547
-5.00065
-4.70836
-4.08812
-4.21651
-3.99293
-5.4007
-5.81602
-4.38841
-4.40673
-4.39314
-4.58133
-5.13356
-3.84681
-4.90467
-4.62976
-4.86263
-5.21448
-4.79189
-4.56374
-4.70019
-4.14469
-4.64067
-4.38643
-3.90647
-4.40023
-4.49394
-4.59724
-3.86163
-5.06753
-4.77862
-4.70629
-5.13355
-5.10554
-4.77075
-4.63281
-4.63084
-4.16921
-4.47636
-4.88979
-4.57382
-4.46261
-5.07922
-5.09225
-4.74104
-4.27387
-5.56131
-4.33269
-4.95893
-4.88914
-5.45995
-4.60068
-4.7389
-4.53696
-4.01652
-5.05824
-4.37586
-4.84042
-4.71483
-4.89222
-5.09461
-4.91897
-5.03509
-5.24159
-5.42001
-5.03887
-4.78438
-4.02897
-5.14637
-4.59508
-4.64658
-4.4669
-4.97698
-4.21243
-4.27154
-4.79819
-5.23031
-5.11202
-4.89757
-4.35905
-4.83627
-4.90491
-5.06964
-5.30848
-4.74346
-4.66322
-5.18822
-4.1003
-5.34724
-5.41605
-5.02543
-4.78257
-4.54569
-4.68894
-5.06565
-4.7364
-4.64984
-5.23036
-4.32748
-5.41502
-5.45196
-4.46712
-4.86133
-4.91515
-4.37421
-5.05476
-4.42172
-5.3737
-4.79141
-4.2098
-4.82951
-4.98391
-5.15806
-5.07837
-5.70658
-5.30632
-5.27093
-4.70761
-5.2845
-4.29853
-4.51809
-5.07973
-4.9675
-4.6494
-4.93969
-4.71795
-5.46625
-5.05833
-4.98886
-4.80673
-5.15442
-4.81152
-5.01117
-5.15156
-4.06544
-5.09817
-4.77931
-5.15283
-4.93663
-5.00185
-5.19898
-4.19035
-5.40032
-4.74322
-4.96007
-4.54033
-4.81681
-4.71461
-4.5864
-5.32688
-5.39388
-4.3341
-4.46667
-5.12769
-4.83383
-5.85581
-4.55915
-4.83074
-4.76752
-4.87989
-5.23061
-5.42498
-4.7083
-4.85467
-4.94619
-4.01406
-5.254
-4.90887
-4.94623
-5.02276
-4.94131
-4.93544
-4.41518
-5.47742
-4.6371
-4.77598
-5.0215
-5.33031
-4.76604
-4.98251
-5.33102
-4.51228
-4.89335
-5.27162
-4.86685
-5.34769
-5.08983
-4.77643
-5.45674
-4.57835
-4.86816
-5.0536
-4.45208
-5.70854
-5.10105
-5.24712
-5.4031
-4.64004
-4.89495
-5.11985
-5.22008
-5.36424
-5.19832
-4.87828
-5.22398
-4.80141
-4.97136
-5.20285
-5.11932
-5.17262
-5.53705
-5.09582
-5.19801
-5.27549
-5.24237
-5.28523
-4.40009
-5.34422
-5.01676
-4.85131
-4.40955
-5.3312
-5.21714
-4.7622
-5.82157
-4.68494
-4.67586
-5.25971
-4.41717
-5.12675
-5.02402
-4.84368
-4.82827
-5.08044
-4.55964
-5.0518
-4.79731
-4.8291
-4.66608
-5.52238
-5.30427
-4.69772
-4.69082
-4.67898
-5.46092
-4.81489
-5.05553
-4.45007
-4.70162
-5.15439
-4.96387
-5.00478
-4.32545
-4.82286
-4.75499
-5.16942
-4.82802
-4.32065
-4.84359
-5.33299
-5.06169
-4.64879
-4.63374
-4.49145
-4.66821
-4.73854
-4.99879
-4.77874
-4.37099
-5.27756
-5.36308
-4.53849
-4.72349
-4.74694
-5.04004
-4.72603
-4.70927
-4.99795
-4.60483
-4.69677
-4.44606
-5.15343
-5.25022
-4.55695
-5.00285
-5.15407
-4.90935
-5.10544
-5.47722
-4.65009
-4.75884
-5.29695
-5.29501
-4.85343
-5.03222
-4.88522
-4.66588
-4.19894
-4.99995
-4.54406
-4.84102
-4.04507
-4.88467
-4.98767
-4.58747
-4.23172
-5.28614
-4.72648
-5.39427
-4.65248
-4.33581
-4.4685
-4.70498
-4.45384
-5.33223
-4.77252
-5.09205
-4.50451
-5.38566
-4.88681
-5.02972
-4.82194
-4.96288
-4.3838
-4.30383
-5.24975
-4.77675
-4.57055
-4.71037
-4.72744
-4.91761
-4.72689
-5.08468
-5.1536
-5.35767
-4.93657
-5.07257
-5.28011
-4.65937
-4.7449
-4.90285
-4.10632
-4.52767
-5.15766
-4.19044
-4.62905
-5.1334
-4.83745
-5.03426
-4.60816
-4.74413
-4.7984
-4.67916
-5.09501
-5.17974
-5.70514
-5.11651
-4.7943
-4.81243
-5.175
-5.26292
-5.17341
-5.62041
-4.33869
-5.06399
-4.92929
-4.69984
-5.25226
-4.62605
-5.15948
-4.96121
-4.98644
-5.14583
-4.91563
-5.00279
-4.69061
-4.50456
-4.85504
-4.31006
-5.2137
-4.54088
-5.00742
-4.22248
-4.7056
-4.60835
-5.24103
-5.4186
-4.84314
-4.54026
-5.34053
-5.80266
-4.82308
-4.77162
-4.737
-5.33499
-4.75247
-4.75074
-4.6438
-4.77621
-5.2869
-4.85917
-5.10469
-4.94538
-4.7924
-5.10436
-4.55895
-4.84385
-4.67841
-5.31005
-4.69383
-4.35589
-5.00787
-4.2909
-4.90751
-5.39015
-5.04216
-4.76985
-5.34038
-5.51126
-4.92522
-5.60591
-5.01417
-4.92048
-4.32688
-5.11949
-4.74488
-4.79257
-5.30459
-4.76313
-5.05655
-5.67385
-5.4778
-5.38785
-5.4662
-4.63836
-4.93821
-5.04564
-4.94348
-5.06602
-4.50237
-4.57592
-5.24553
-4.35402
-4.40556
-5.03619
-5.71997
-5.13915
-4.34194
-5.00162
-4.81149
-4.70658
-5.38535
-4.72001
-5.0167
-5.10321
-4.97417
-4.98504
-5.01903
-4.72889
-4.48885
-4.97838
-4.88402
-4.64866
-5.16567
-4.86241
-4.96222
-4.29831
-3.84831
-5.27178
-5.17654
-5.38001
-4.67063
-5.48315
-5.51661
-5.75807
-4.29155
-4.47816
-5.31332
-4.82841
-5.16033
-5.45515
-4.82257
-5.24075
-4.85509
-5.67347
-4.67469
-4.55842
-5.26459
-5.44652
-5.05635
-5.49068
-5.34118
-4.63442
-4.83172
-4.5111
-5.31313
-5.39217
-4.77091
-4.47762
-4.75823
